535,76
631,248
337,460
50,59
12,8
261,100
148,12
1636,1758
539,216
1508,424
1032,579
152,301
277,911
308,181
352,380
49,44
564,228
834,682
628,635
128,220
499,58
488,29
384,378
296,248
340,361
588,395
1674,1517
3264,3099
38,205
298,172
198,1598
557,592
633,611
2008,826
45,17
153,139
2033,2107
470,465
716,568
3491,4743
85,279
525,790
482,574
258,451
1977,1014
55,3
249,163
101,705
424,305
202,185
92,921
318,2041
69,33
316,352
773,261
158,163
52,5
158,171
481,894
281,223
117,119
285,314
890,1010
24,15
19,29
221,88
328,559
692,665
77,205
879,491
40,21
199,198
1031,60
1191,11511
128,65
179,94
76,75
893,960
249,5531
1355,937
1500,417
230,222
0,30
186,245
154,109
26,4
87,626
241,187
478,615
555,611
9900,60032
185,50
172,215
452,456
1812,4807
427,400
722,291
543,1150
875,1481
338,717
159,120
83,3
672,639
100,116
84,60
202,155
362,235
750,940
47,6
482,1366
208,104
327,377
267,308
92,311283
33,10
224,509
297,398
281,158
28,67
240,177
64,54
129,96
1744,10522
34,106
331,216
304,485
1445,1665
212,355
279,279
85,83
314,253
505,107
255,293
115,1592
13,6
336,396
298,342
160,91
117,300
2436,2518
242,295
0,0
28,67
42,11
1103,5399
225,277
777,1313
195,1292
1974,1238
158,355
659,326
41,31
275,25
127,11
32,24
169,175
567,526
638,1727
1194,2943
1005,2555
163,3409
300,171
223,237
308,322
115,23
41,43
189,148
228,457
383,214
9699,100964
519,207
197,59
312,159
129,90
45,21110
7,0
741,686
40,26
650,418
1213,1388
522,873
93,172
107,133
487,362
277,44
1275,1549
2002,1253
102,36
27,35
171,465
650,901
1712,789
23,1
9,9
487,362
201,107
629,235
207,321
0,5
113,140
221,324
244,263
36,33
2375,456
237,146
1809,749
183,198
897,495
2815,4505
154,159
149,286
1954,849
396,431
207,228
99,183
188,196
589,112
1768,1407
1960,867
200,233
152,39
3422,2127
293,316
153,21
285,290
270,300
186,383
9,447
24,54
255,202
37,15
318,150
433,1068
1522,1710
220,175
1610,1745
440,11
227,43884
96,207
238,264
1,133
627,133
826,1140
180,145
367,323
25,66
940,59
47,47
77,15
216,368
1007,624
338,342
741,700
3939,2904
432,743
2081,342
62,15
647,348
228,188
63,1059
50,85
442,550
842,1079
2835,2659
13,3
371,741
1747,1392
620,581
104,99
80,53
467,477
391,374
186,127
1787,4870
26,4
179,373
158,206
963,1200
3,22
293,201
2296,13938
659,326
1672,2058
210,61
995,1474
24,48
69,26
34,99
227,597
174,678
10899,41478
152,185
93,74
1666,525
539,412
455,418
1251,1756
152,9841
154,76
1589,986
88,400
202,173
40,3
159,127
84,440
1221,3186
613,672
119,88
490,543
314,5614
114,156
405,521
279,225
61,61
2,410
783,742
491,120
298,259
2035,955
85348,98070
2025,2051
2007,1331
102,150
102,125
2347,1885
669,192
833,1501
97,212
756,1069
262,211
891,697
5023,2003
346,415
1035,862
1010,926
2023,440
486,492
127,4
97,78
3337,3035
2657,2283
1982,981
965,1219
889,880
962,236
1003,801
262,455
788,808
559,1119
100,155
941,1436
51,86
1148,2758
151,263
234,199
497,398
109,33
113,95
1786,1365
417,381
54,288
2585,6704
361,581
432,360
73,42
1748,377
74,29
1,150
141,48
699,737
670,279
57,36
747,864
71,136
631,315
204,196
105,36
284,399
400,95
617,467
448,139
186,1891
4967,5040
497,505
0,0
2171,3204
73,14
680,640
15446,17373
761,762
64,334
1322,2339
1,0
325,857
62,1
1438,1582
151,95
4735,9002
2807,2151
287,693
0,0
1,0
2068,1266
537,235
176,211
58179,65732
203,108
221,268
443,434
8,3
893,418
21,5
516,35
171,96
1805,1898
350,212
231,362
255,168
9,99
507,834
967,732
136,39
402,490
76,252
940,1211
34,139
575,430
1816,1907
2100,761
0,9
59,61
498,291
494,387
659,326
118,70
1314,131
1345,1663
1726,414
205,764
427,348
419,475
359,1123
3056,25634
79,535
3426,3055
1075,1199
1,2
1767,1344
95,357
10,3
11,3
9,8
136,448
386,427
8,9
486,301
1998,824
172,346
199,128
750,219
72,19
56,64
140,248
9888,15988
274,244
1274,1289
26,18
259,392
415,515
807,200
401,605
45,26
943,817
658,4011
508,344
6763,6728
150,65
128,253
1844,441
154,121
406,165
3112,2773
477,605
293,442
553,863
172,178
1,1
1634,2138
2029,1492
221,383
450,87
1,1
282,117
834,772
161,105
289,142
444,431
0,0
1448,2042
0,14
1508,2335
284,18
3681,4256
299,11730
61,19
7,0
122,863
27,4
67,87
759,999
153,155
540,29
103,580
914,2423
250,229
143,182
215,86
537,304
0,3
1201,904
313,22109
122,9829
99,60
12161,22853
193,421
2241,2088
501,435
44,20
0,0
291,364
323,98
113,179
348,415
39189,44379
2966,454
90,37
537,10550
2828,2848
157,91
100,47
0,14
1741,1127
366,305
334,514
0,0
95,118
55,24
46,24
2186,17130
163,22674
390,284
974,3127
1127,1151
971,878
465,395
417,143
27,2480
260,285
194,99
255,271
37,15
354,353
139,435
300,1088
417,360
333,671
39,1045
480,181
928,1003
71,30
131,544
123,213
391,521
359,173
2603,2687
461,11453
929,817
934,950
651,674
1633,624
200,202
228,244
231,145
446,363
154,163
3040,3832
80,2898
368,52
506,754
306,330
297,35
108,390
318,544
538,654
624,1179
0,2
0,0
654,694
1715,2664
104,584
1715,2664
1002,835
250,119
69,154
91420,101239
396,394
430,240
627,138
1005,703
711,269
926,3668
41,24
1314,863
52,65
100,149
250,100
1004,1172
207,134
661,534
281,566
108,67
186,229
282,40
206,396
1269,1829
2033,784
212,219
109,97
361,499
373,4368
252,221
269,57
1018,557
189,152
259,47
376,500
93,2
774,477
4165,3437
50,23
778,1064
43,403
377,465
354,57
243,474
85,62
154,64
298,348
40,2
584,362
34,64
143,83
4563,15326
868,479
461,827
223,153
1152,896
332,344
2,1
99,117
2002,146
142,133
0,6
43,7
300,1044
2283,2677
389,539
582,679
0,1
3374,3302
1264,1595
0,0
75,5
76,29
771,1532
30,21
600,186
0,2
148,8798
55,52
16467,16024
0,1
127,399
659,326
383,205
44,30
66,119
506,233
394,323
241,26
541,533
16,11
97,3045
197,144
357,392
157,123
65,46
592,717
10,4
560,605
232,144
50,50
962,1524
399,871
53,65
575,614
52,30
3654,3148
248,559
1613,962
323,372
3873,20532
141,170
199,44
153,155
0,1
390,108
0,8
2133,5316
367,926
87,115
850,856
2,0
1153,1253
745,1100
0,129
854,2846
200,119
17224,15809
1448,261
191,46
257,1044
2012,1933
648,955
35,89
624,839
1885,1603
5,0
316,278
856,491
31,27
27,13
64,36
1,1
4,128795
282,473
2993,1389
0,0
25802,29388
649,667
470,491
2001,1576
282,373
303,942
230,155
372,547
2109,2541
2848,2738
566,1569
218,140
163,212
516,706
175,213
254,288
112,70
321,316
501,348
126,68
40,135
46,47
133,48
2071,2583
40,50
1824,1551
432,433
188,432
110,79
7557,9749
5098,5301
5,0
5,0
1599,1067
170,1338
1728,713
107,25326
481,664
945,7531
1264,20
92,2788
1728,2073
335,1787
503,450
116,686526
5117,4732
619,540
246,470
160,362
1843,1778
131,3112
217,92
282,279
171,318
43,52
389,321
1010,5285
157,257
0,65
227,89
1,2533
8362,10160
451,749
102,55
42,69
671,782
34,32
0,16
264,230
138,300
162,20
45,50
203,32
127,40
426,1392
1132,1644
225,263
483,313
57,11
768,878
400,789
618,576
1043,1985
97,85
1737,2204
4294,4469
3329,773
199,226
5490,6527
421,147
348,1945
25,5
29765,197064
866,12301
59,20
402,354
337,401
456,80
3204,6743
158,177
400,303
50,208
2690,2713
156,4705
363,862
175,214
52,367
327,525
301,358
782,269
0,0
156,183
522,590
213,651
1592,2306
464,273
658,363
74,84
124,46
208,230
628,1213
1984,1754
491,779
55,27
400,428
321,210
491,778
921,450
38,387
548,741
2565,16521
202,115
95,96
1142,1080
143,125
908,619
0,2
363,364
2003,1719
1886,1066
163,172
2182,3398
562,570
912,576
659,326
565,1116
13,1
1994,220
11,2
93,577
116,121
1960,825
759,712
102,97
93,50
212,217
21,349
151,27
1082,1247
72,101
19,25
69,20
248,245
162,28
6319,6264
498,90
284,1265
59,25
583,237
99,137
645,1103
14,224
301,772
1877,175
10,3
200,225
434,297
205,551
86,62
325,1754
1737,1904
908,371
1151,487
1918,1814
68,66
387,816
174,652
49269,76755
1996,337
255,443
223,303
159,53
99,5
631,410
1274,246
290,291
280,186
308,4867
1754,572
759,712
0,5
621,742
104,214
124,344
58,128
87,52
0,4
3417,3607
86,98
177,76
423,1064
1417,1019
656,663
121,1008
122,127
76,74
367,660
644,763
7394,7084
12010,14844
635,1185
294,528
2172,2420
113,151
981,595
99,136
501,1348
310,368
987,1921
17,18
190,352
5012,5231
58,652
339,390
235,803
15,145
380,174
536,392
810,1105
3,43
40,2
6491,17012
0,0
11146,15490
102,111
1409,1785
3444,2608
363,369
149,237
421,567
97,35
348,105
55,10
6910,9006
167,115
499,184
164,127
616,389
183,155
1,187
144,317
111,147
1632,2072
236,249
338,578
181,119
1214,1172
188,255
893,971
26,67
219,883
1274,450
19498,21952
431,434
352,232
171,87
782,12176
1816,2995
0,6
3205,3776
472,1389
582,855
2,2
778,467
126,35
532,8772
250,308
620,1446
29475,26930
625,776
270,93
108,99
65,338
30,10
8798,110924
220,1043
1304,734
0,76615
1428,1287
819,39
2033,938
126,128
318,364
1324,1448
479,382
65,482
98,290
13,10
234,123
5305,4872
980,452
489,209
121,67
101,58
246,112
994,921
49,56
2004,177
650,776
25,25
338,570
109,99
88,64
273,329
188,300
240,128
106,95
774,1427
162,142
13,283
422,370
540,421
276,858
206,259
52,112
158,158
532,894
420,519
370,358
47,47
65,40
238,258
50,38
4419,5598
2557,4383
89,67
57,8
270,335
34,15
1955,1318
680,552
368,194
43433,57768
328,373
279,282
320,554
879,996
245,198
25,1
135,138
1689,247
86,129
18865,22041
124,18
161,622
63,67
194,3932
192,192
97,113
579,666
196,196
470,549
3,2
101,159
483546,527700
555,1079
126,16
92,58
201,269
2103,1234
14660,15764
1761,18174
334,354
567,438
575,243
21,27
1986,1824
1353,1714
239,431
645,921
284,424
70,128
170,87
18,3
99,43
1583,16009
205,198
0,14
316,357
96,230
577,5057
1205,52
2034,1135
353,301
180,1851
105,126
166,146
336,393
1115,811
250,238
179,185
866,284
141,226
250,606
352,386
6,1
100,14
291,1277
86,943
88,2155
1501,1365
2,1
832,6360
1053,241
50,2
970,365
7,69
517,519
15,1
330,272
628,2171
129,227
138,332
202,159
65,118
19,279
3,1
0,2
2449,2439
176,123
2,0
3,0
661,1421
718,525
290,698
1659,1480
351,259
135,198
27,27
44,2
325,408
3014,6725
261,179
41,2
329,239
72,482
517,593
89,12311
613,438
3116,3663
535,1969
35,41
95,210
444,294
715,906
575,1038
469,791
140,330
57,8059
1194,1185
193,37
137,225
1071,70
515,298
265,362
1199,1102
90,1013
914,469
187,115
343,352
1800,929
371,475
68,263
28,1
76,39
1711,436
378,245
4238,4524
69,154
317,332
1260,488
181,356
1916,1471
10,66
294,109
211,47
3189,2458
360,260
67,649
299,181
740,334
114,87
261,224
300,282
1978,1080
122,94
2007,741
122,163
34,188
506,100
1070,851
403,450
282,468
40,26
328,276
236,88
287,306
160,155
1897,1076
205,196
169,980
50,59
14,3
83,67
119,316
115,46
149,81
3892,5504
31,30
150,812
226,213
1709,1983
188,206
300,487
639,696
1851,973
367,22
420,612
73,35
9,0
202759,201355
0,0
41,2
571,3360
1,0
0,21
1135,1611
212,398
146,498
119,53
219,649
20,25
2,0
74,86
361,615
127,141
1807,1492
1579,2500
54,8
379,1986
88,111
470,318
332,359
2329,2928
165,663
118,90
62,61
234,64
53651,57213
145,140
763,1158
48,5
1057,1617
222,724
161,141
995,800
1624,2760
171,668
4460,1351
533,804
207,89
84,613
10,6
837,2324
732,934
398,921
151,7877
609,1062
41,0
352,1132
10,9
210,319
39,3
393,106
681,156052
22,10
859,803
2035,332
115,432
40,21
207,81
7064,11480
152,75
115,14
125,329
232,244
283,555
176,179
523,2700
385,294
179,239
2928,3200
73,130
101,76
749,1132
81,72
153,107
60,567
426,236
850,1336
501,565
184,201
29,6
794,1138
389,160
601,608
270,221
366,400
54,20
1243,474
240,18
271,280
849,400
1841,2304
471,412
321,2084
184,188
437,305
599,1309
1282,322
117,49
0,4
2001,3139
317,352
147,157
63,12
2721,2816
317,71
476,566
309,958
78,128
4,18
446,144
93,285
147,20
271,135
40,4
827,631
138,96
57,8
69,55
2043,1042
13117,15329
5055,5550
217,160
7294,162875
530,737
103,108
927,1237
241,1059
88,129
30,27
1310,2194
46,12
17,14
459,1739
68,40
497,148
2028,1907
599,612
1954,1464
64,317
174,200
204,119
413,1429
1493,1185
208,91
28882,35041
787,496
408,525
184,936
2026,1488
4,2
481,616
233,201
191,212
1586,3453
118,53
618,737
96,220
3825,3457
24,9
157,155
262,320
292,139
1007,576
60,9946
360,1693
714,261
887,79
10,9
21,11
445,715
363,450
555,434
229,255
181,132
190,145
1233,477
287,154
34,15
292,174
813,75
814,733
178,172
6504,6507
614,373
171,172
0,34
41,1
222,173
2012,1419
351,216
355,44
42,7
4,1
82,4648
1,0
3602,5754
138,16
5093,5453
537,665
192,35
555,820
776,1428
1114,1237
10505,10871
482,666
2,1
144,113
302,408
4535,5293
183,188
13,4
18856,18640
22,37
61,104
855,310
888,1949
7402,11865
204,183
1315,382
3625,3622
23,20
3,0
63,1886
4721,4740
3557,3151
45,37
993,1059
278,1483
7,2
356,208
262,195
395,346
409,439
45,58
95,84
794,729
466,235
1,495
58,28
135,179
5,5
201,4484
6831,9484
217,197
271,262
360,226
814,1099
182,251
255,203
4,1
325,533
65,65
2,25496
181,376
4,0
194,301
41753,40306
1782,957
3091,1118
624,817
74,68
1891,574
1230,375
106,35
236,178
232,1853
24,6
216,558
203,225
326,41
295,931
206,319
215,77
9353,9170
448,484
811,1961
679,926
97,81
191,16
58,120
82,117
17,266323
187,141
5648,5470
208,92
174,103
496,505
76,72
749,757
71,10
173,1130
351,598
1269,2468
354,399
118,45
982,84
56,107
458,568
221,462
147,212
92,6598
351,2351
1104,72
286,386
164,614
2211,5514
247,67
15446,17373
1387,641
4,0
813,75
82573,86184
31404,36119
191,1341
2034,1754
4,1308
1661,1919
84,244
2034,984
1068,635
745,975
4520,657
226,83
7,1
4,4
158,1720
274,142
338,43
137,197
1127,141
1192,1101
440,471
4,520
1100,1011
222,225
520,652
243,176
0,6
1049,1280
587,839
3169,1565
7,2
384,749
295,362
257,259
77,120
10,0
2311,3144
316,323
3,20356
134,38
69,133
282,370
1754,1421
3379,2641
301,232
4729,5077
22,19
101,84
39,186
38,138
287,729
1987,1194
178,437
89,192
761,762
2000,251
934,687
255,234
907,188
44,6
40,4
415,377
387,748
500,677
56,361
26,22
969,667
40,6
745,784
150,136
120,94
183,329
7,2
275,445
494,479
9,6
960,1017
1956,462
435,317
196,474
312,998
122,37
189,102
4416,4628
370,279
311,323
49,180
44,7
147,164
185,65
8816,10088
38,18
360,743
588,771
123,185
1379,1397
49,4
145,133
13,190
384,644
1084,1147
166,91
38,54
143,36
569,1730
1103,297
860,630
11,14
10,283
1297,1188
101,483
1610,587
1895,1424
386,353
96,788
186,299
57,7
67,56
73,23
92,4995
157,200
92,58
2964,5707
10,23
141,132
2129,2417
3882,384
1168,1103
147,216
223,69
51,69
377,83
0,42
1168,1103
2,3
216,257
243,85
98,203
1168,1103
76,73
3231,2254
56,4
3,1
293,326
41,4
147,104
941,1121
356,415
434,397
347,419
265,278
281,235
589,646
841,1111
1011,703
88,119
8,6614
263,251
158,97
536,632
532,402
239,98
1,0
813,2628
112,80
456,323
168,341
2721,3075
93,9
164,326
623,636
1872,2089
783,818
199,180
2234,2034
1107,940
575,195
559,683
37,73
57,9
1870,1542
817,1029
324,560
444,497
163,449
288,38295
1086,1758
869,1551
4628,5864
89,82
917,1921
1525,1403
446,285
40,3
964,1523
126,456
469,100
49,46
35,487
99,7
26,2
11544,15124
1,128
531,410
8,3
763,412
194,9
126,456
8,1
205,189
658,752
32,24
3581,916
2337,2319
1994,220
229628,208942
55,72
1117,563
49575,63718
556,1467
210,321
334,245
514,576
2675,8351
789,493
111,48
66,65
393,357
2397,1510
2055,229
127,441
1845,2449
39,3
4884,4333
166,186
1043,1493
183,266
349,211
1283,2058
118,141
2833,3289
10715,38846
396,99
86,117
209,48
0,1
420,641
50,101
52,21
937,1336
296,247
48,183
51,44
297,87
97,163
1963,1442
978,488
243,417
1192,861
11,2
353,260
46,45
182,128
233,135
150,106
399,1499
190,717
387,472
639,965
646,161
879,2340
130,533
154,72
110,262
115,46
2210,1997
227,3869
236,915
400,440
1006,1002
148,62
410,145
855,861
2361,1410
10,100
69,72
56,26
168,697
247,249
346,211
1906,2334
2810,2890
344,117
660,674
552,658
1631,1670
209,864
1186,181
27,19
40,1032
842,728
425,876
43,25
107,234
23,20
781,889
79,222
233,131
12231,14173
176,28
761,1100
65,36
581,1035
324,427
58,13
243,119
38878,66840
88,12
4999,4436
458,582
705,1225
209,51
18,9
762,243
223,304
191,339
1057,1282
29,36
200,321
68,74
113,147
129,48
5,1
13,10
2539,2018
4835,6480
139,69
6302,6373
1036,1928
637,462
58,86
73,44
504,3259
148,91
435,1569
567,859
334,289
560,157
638,584
397,15610
87,44
230,850
3002,1087
523,631
224,216
612,190
279,606
23,47
470,398
2055,3334
257,480
0,1
173,114
918,1118
341,396
290,86
612,794
486,211
2240,1480
267,490
372,370
466,2206
231,438
976,118
12,11632
701,379
388,541
439,884
82,92
199,139
1541,2075
503,369
72,69
669,794
60,23
97,222
146,40
258,142
1597,7499
136,39
62,35
175,92
133,48
196,241
361,2720
239,256
897,546
144,95
993,1864
113,427
6906,7034
181,8
17,5
4,5
184,216
225,22
66,36
867,204
281,64
23202,23969
591,3016
202,36
57,6
545,1731
26,27
490,1017
48,4
839,1001
300,298
315,1903
1121,851
162,117
840,1666
405,210
38,28
225,58
66,22
400,327
63,6
188,95
111,50
1010,198
1792,631
537,663
125,99
628,532
38,9
310,170
298,420
93,125
235,85
395,533
569,1730
360,381
477,458
2319,2586
1311,1351
154,267
31,42
143,404
269,267
65,98
859,767
5897,9751
1068,966
94,97
211,129
511,1230
234,23
1133,67
4,6
6004,5942
461,4776
509,345
17862,19075
1045,707
66,71
135,388
768,3388
450,319
464,695
442,681
375,354
1530,3187
7,8
1239,921
3139,4479
599,1170
236,100
251,231
475,549
862,108
946,953
0,0
1689,2031
6,96
1015,1112
281,271
513,542
377,246
88,101
142,55
338,59
57,29
246,56
5,13
125,113
322,555
71,100
617,428
1652,649
666,110
174,2581
967,3386
237,315
225,231
774,203
414,446
66,80
317,353
582,784
125,61
457,439
81,28
1114,2027
527,400
15,12
250,182
494,405
34,698
432,641
67,2709
15,15
87,72
26013,24621
7,1
487,1744
269,65
0,1
571,214
729,602
440,118
700,1011
226,203
143,94
12,13
488,505
988,810
536,246
1917,2204
889,1847
13,21
314,299
249,252
3,27
883,296
505,288
6,270
0,22
293,450
407,341
236,218
565,642
101,99
526,813
310,124
352,375
923,832
43,4
507,307
137,129
2514,3289
164,366
432,147
55,1
51,65
460,980
1926,1695
820,1887
2150,1197
205,254
51,2
43,36
13718,16350
16802,20477
251,569
202,460
94,84
702,667
660,706
11,22
7333,6714
85,110
53,63
28,20
0,0
325,225
78,94
930,376
365,1540
985,662
13,10
1941,1613
96,31
502,559
1060,1215
492,330
212,236
363,632
170,166
461,59384
148,37
77,113
9,10
75,6
162,175
637,462
512,157
574,202
916,1706
236,258
984,1477
45,71
40,494
594,98
41,59
249,264
38538,51258
967,413
62,5106
178,27
211,277
315,37
455,502
1360,847
1088,1141
207,495
44,88
5728,7189
6539,8077
566,4203
312,1577
171,66
36,1396
605,897
334,92
686,684
300,81
112,5751
58336,62051
1617,1428
548,506
1418,1386
272,51
9,110
4,0
776,1189
60,44
138,62
847,454
30,6
309,314
533,408
105,80
134,135
164,198
0,1
1402,971
468,469
267,118
10777,17453
34,18
0,2
98,142
81,223
1736,1725
182,1215
161,163
0,0
130,378
322,264
146,148
271,135
79,574
316,319
785,1007
724,1300
461,1741
45,3
115,132
37,16
69,118
40,48
67,6
518,97
286,126
30450,37555
325,502
226,175
2001,1416
124,184
117,131
363,347
604,523
218,215
320552,337641
66,58
1177,722
735,932
745,920
67,286
287,243
339,1491
109,17
1088,1843
417,454
5081,8446
94,441
238,230
339,355
253,369
82,38
293,274
358,215
0,21
634,1172
0,22
816,1488
74,54
173,106
185,74
32,10
100,306
156,17721
680,254
58,585
643,1899
25,1
258,150
33127,30381
796,1216
100,95
383,214
124,116
698,157
223,220
2019,344
102,119
6249,6475
552,206
236,271
502,692
336,145
1503,1314
83,11
923,740
2909,3160
2503,60781
882,2081
448,509
85,535
155,212
360,195
186,255
126,142
759,1442
1926,1695
0,0
141,44
248,333
340,415
1031,348
227,276
155,420
140,131
48,134
202,531
171,74
247,320
160,157
404,1054
5239,5319
265,392
118,97
121,42
216,314
191,799
86,42
493,9805
238,138
0,4
378,709
295,73
211,151
430,337
150,182
603,4006
51,71
226,522
97,18
319,276
65,30
222,252
298,108
170,865
159,218
247,68
895,2771
1929,1781
280,315
144,160
29,21
815,271
9296,9251
105,101
329,111
550,1357
201,45
1261,998
60,35
1114,1846
79,93
386,513
32,1
233,193
84,420
1133,1350
342,404
1915,226
414,405
496,2803
2024,2035
180,380
83,63
267,2285
6252,137400
141,153
1940,1386
407,563
147,434
130,74
38,35
9,9
841,860
593,401
0,54
88,297
268,48
74,144
212,120
1422,1748
161,491
71,277
683,445
130,177
58,13
2752,2442
3683,3724
93,538
1998,7910
195,373
83,6198
329,334
486,2785
747,2779
100,380
14267,14908
38,40
10,754
18,6
48,18
48,31
25,39
201,141
358,998
83,38
85,80
107,313
1948,842
980,6950
968,444
50,19
99,20
109,165
1213,184
47,99
114,96
154,76
131323,216142
573,669
231,184
795,444
406,580
2,0
38,14
180,221
109,222
166,306
24610,25434
231,772
350,398
143,17410
0,69
204,390
293,538
9989,9808
97,73
0,0
19,21
36,30
0,1
246,96
491,310
243,264
470,218
245,438
543,841
618,687
2924,3273
411,653
8,62
2329,1226
99,66
337,291
3535,5194
18,13
42,8
137,54
28,21
330,279
619,680
473,1102
24,4
975,1803
1664,1338
3701,3384
240,217
672,1044
233,219
93,721
206,122
970,1227
318,219
232,185
136,135
102,3
107,15
1579,90
67,52
3995,5777
195,216
287,193
73,69
390,486
117,114
249,250
0,0
719,296
142,99
650,972
1879,5105
1,2
332,1683
547,322
28,1289
1585,608
68,21
1999,1094
210,259
2003,1777
1667,841
99,4049
692,6626
77,63
60,195
46,58
882,52676
1,4514
363,170
24,24
102,1047
362,359
500,199
404,143
756,1984
629,867
1114,1583
119,153
235,264
1187,840
1307,821
953,271
56,56
894,353
22,45
355,10452
448,141
234,167
44,46
173,117
1265,965
29,83
194,499
19,283
343,516
67,7
294,1082
264,587
235,279
2007,1832
282,301
162,194
290,296
4,1
0,0
1025,813
195,520
195,136
560,1050
1411,47
3761,4706
427,156
2,1853
617,428
870,484
2331,32733
595,4242
786,743
205,2149
1874,130266
574,354
10039,17873
3281,3432
868,358
350,71
444,724
153,265
345,63
60,21
181,244
256,277
1199,3771
114,128
676,723
2629,2943
57,42
127,29
34,176
118,346
508,194
818,1023
477,528
70,32
1895,1092
0,26
33,80
20,4
720,659
976,508
288,339
11,11
67,531
756,707
38,5
244,401
94,939
392,188
328,549
1134,2838
818,874
33911,35367
179,175
262,140
12032,17271
47,2
1063,2651
300,8690
623,461
104330,137972
18044,18264
178,577
1,5989
269,61
466,686
714,558
108,130
856,892
433,170
318,390
77,154
271,244
415,788
767,71
147,164
102,392
237,87
3,29
116,79
347,351
31544,60411
953,1384
234,560
5728,7188
205,192
712,7765
1010,1267
926,266
1670,3198
106,393
158,139
476964,477580
1616,1058
1464,1730
122,180
53,209
942,220
1,0
197,480
103,107
973,289
154,143
346,570
202,641
2278,2816
4024,3806
837,869
233,17
868,961
4529,4387
27,53
337,468
544,1415
32,13
1028,418
73,3
300,71
139,194
0,119
262,2504
64,3
499,2363
158,57
85,337
63,72
1405,786
91,8
18725,19309
349,282
283,87
1360,596
225,513
120,85
99,200
210,725
1877,2080
760,1123
347,276
34932,40034
892,623
92,105
269,165
204,570
124,117
18,10
1067,2011
937,841
1560,288
317,2245
560,1191
127,159
251,526
44,45
458,539
221,230
277,509
2585,3694
768,5936
133,44
813,354
180,42
0,199
310,1456
21,769
0,77
29,26
4262,6200
142,157
1106,492
189,46
325,567
230,691
759,1486
510,118
242,1777
451,696
294,135
136,31
61,141
53,41
1785,420
411,480
52,42
696,533
179,191
343,41
1177,1532
103,203
520,685
7829,7741
222,324
362,376
1583,270
161,127
750,1396
1814,1883
276,335
112,154
1893,1893
471,615
180,203
108,68
816,1118
413,490
304,395
67,76
134,165
495,4479
709,293
92,26
196,823
21,2273
4756,4145
184,303
179,1028
379,480
434,518
986,4822
3,46
3142,2764
112,12
1970,2517
58,7
347,489
223,381
1845,1668
595,635
62,15
502,589
851,462
391,147
417,374
362,446
1046,357
758,1718
249,809
836,902
205,1233
12,8
41,207
446,99
42,4
959,1615
39,2
268,1165
863,873
637,950
208,156
371,71
217,244
76,78
253,184
176,72
1684,922
525,508
325,507
644,314
142,118
753,742
1856,3367
767,228
3358,3886
1172,1308
575,684
371,437
6,1082
125658,106142
698,703
40,42
140,353
460,552
175,69
678,824
728,925
536,706
263,56
170,470
316,179
1168,1350
423,498
373,315
65,96
81,89
431,805
2686,1061
47,18
491,264
203,152
260,71
25,106
133,110
255,258
760,1337
202,204
31,261
689,235
127,656
248,3475
564,654
1991,3071
344,212
1506,642
99,204
569,459
1218,130
362,352
2364,93561
590,417
21,9
140,304
148,22
19,83
352,232
346,746
435,645
845,345
1486,1497
115,93
336,331
3,3
669,1981
1650,934
803,607
6,7
688,1028
255,223
6480,6477
40,66
307,344
4971,1358
1419,6620
351,515
358,401
52,74
982,1682
85,2445792
493,1020
2233,694
839,130504
272,413
839,977
7506,8052
134,145
279,3979
344,1047
825,148
7,6
2264,4785
187,351
0,0
377,314
1806,1803
103,211
254,451
1327,488
1228,2958
657,288
271,218
144,167
1923,389
459,538
2282,2221
253,230
1975,1620
391,2020
2204,2182
435,95
199,2471
321,438
88,63
496,8232
2432,2574
1233,1457
386,121
67,191
40,270
4821,7015
317,287
15,1
226,118
2161,2169
1353,1714
2754,2501
279,70
2923,3589
217,78
339,274
224,1261
1024,849
203,208
1003,858
329,434
798,1237
1062,630
333,145
85,10
845,857
121,57
347,314
9824,9978
69,20
851,92
119,154
109,21
263,92
2103,1099
508,80
803,2515
1100,1147
1119,996
471,135
973,1755
297,205
25,124
50,12
317,305
354,334
1,8839
547,283
2435,1847
414,379
28,7
193,134
573,2368
52,67
255,47
126,59
1287,262
243,1651
2,1
417,168
318,4775
2356,1334
0,1434
284,435
19,8
186,190
502,20868
617,59
177,232
284,226
19,2026
401,467
1455,1352
339,275
186,1064
250,419
387,208
46,150
301,1085
0,3
539,498
150,248
686,1159
388,351
9956,93911
321,2
119,1365
121,27
20,123
119,96
497,456
379,358
2540,6066
388,328
118,63
223,221
212,12753
1043,1416
308,220
474,504
1351,1360
4,4
46,71
244,647
542,1280
10408,11978
176,140
160,130
11575,12552
455,1741
198,187
103,134
52,54
8468,33353
233,119
86,48
26217,35880
7875,7937
249,176
79,379
231,178
1069,479
191,36
0,10
120,150
6492,33104
335,291
36,20
106,51
2073,2219
1095,1130
119,301
91,410
2964,431
23202,23968
2029,917
223,144
8005,8375
2964,431
697,2279
340,1145
131,121
305,422
130,261
380,418
0,0
62,17
709,481
41,1
340,408
158,267
94,293
9,6
715,1080
737,885
380,123
0,0
453,695
585,3706
139,2100
465,1276
912,1475
409,72
5813,14282
361,108
375,310
99,201
0,9
157,201
41,20
22,28
409,94
246,572
109,85
940,1099
149,28
1,147
60,68
532,560
207,199
12,15
174,383
803,2627
29,100
170,119
69,61
244,251
170,756
402,292
377,1095
2714,2746
1,14
10,109
697,1658
154,114
112,150
272,326
1967,1547
882,2842
253,77
141,287
826,544
8,547
296,317
2785,2761
1589,485
21,42
64,54
151,176
2,0
547,3707
323,132
337,559
992,2159
51,71
56,60
1046,856
2061,2414
104,273
678,886
76,52
3794,1109
1505,1213
103,161
187,237
917,1711
2023,1133
361,323
72,58
1149,1853
706,685
119,150
961,13486
2356,2702
0,66
270,263
0,8
229,109
423,450
139,328
86,13
752,1235
5900,6204
38,74
150,192
259,206
99,137
1453,1015
135,131
381,321
551,1135
3005,2665
125,102
314,627
111,126
66,125
557,224
203,453
91,508
1215,756
1816,1814
436,1919
124,106
415,28
1070,1092
216,212
0,0
3500,6395
141,395
210,54
169,146
783,588
208,186
2058,100
1176,158
910,568
1965,1244
1678,2076
799,657
11,19
163,3857
302,288
173,202
2067,1669
1047,1747
20,41
3,2
4371,588
733,630
25,51
311,198
2067,1669
0,1012
671,1703
1419,2470
746,577
687,728
0,6
32,94
234,2603
0,0
271,300
16,16
1980,2118
276,184
282,292
1,8839
658,337
546,2228
2,136
521,401
31952,178020
2067,1669
977,1331
2299,2762
582,611
496,394
764,764
801,799
171,209
48,153
102,32
1836,757
161,23935
513,105
1213,1453
249,143
211,374
115,61
641,730
272,1544
192,1138
151,100
4760,125
199,232
57,1
51,40
341,315
499,452
396,499
58,9
8,1
9,4
536,678
840,24114
568,3043
129,235
2014,2622
914,3377
694,657
233,60
237,177
92,668
329,860
76,98
293,49
5133,4946
6,3
590,272
93,1285
198,11071
273,622
7,1
730,700
1760,226
120,16
241,115
77,42
250,165
475,768
535,204
206,78
160,195
245,363
87,998
209,126
1280,4658
154,197
245,326
261,275
661,799
323,921
1431,1605
197,397
119,87
159,335
118,105
3,17
8,29
85,111
100475,168264
281,470
392,244
838,504
4,200
80,18
411,241
48,91
160,389
55,105
273,285
176,527
490,401
4886,4420
236,249
481,389
173,234
307,53
600,1156
428,575
495,497
34,47
557,492
1686,173
431,666
1262,986
140,184
181,384
408,372
931,276
425,466
7,3852
364,105
57,51
2388,2459
10,1
373,553
135,192
265,287
1467,192
237,190
155,148
112,120
249,28
2039,926
29,28
303,750
28,34
285,148
211,643
195,303
185,460
59,3
119,1365
98,63
190,201
967,1550
429,788
55,27
52,41
16,14
649,238
181,705
134,1105
330,329
235,288
850,796
206,428
203,82
4813,5195
41,78
161,34
1188,164
10,11
1221,2168
1239,960
0,0
584,1147
181,756
269,119
735,922
344,441
709,442
271,310
998,1067
258,281
84,504
8,9
1,1
665,736
105,44
363,367
242,149
490,256
147,149
454,294
137,199
45,94
161,40
2043,437
932,1157
3708,4865
1977,1194
188,188
229628,208942
258,336
196,27
479,709
2018,4037
668,1507
1147,182
1367,103
1569,728
43,11
1517,2927
211,171
1235,856
7942,92959
48,13
183,14
119,92
1890,95392
1884,2025
520,725
134,105
241,386
457,211
557,1472
670,725
801,523
106,173
84,31
176,169
280,187
48,317
92,154
141,223
167,212
313,68
316,243
77,205
115,87
297,1811
137,124
93,111
416,477
486,403
4079,4084
734,156
58,231
177,163
5735,8868
2132,3464
565,527
82,306
301,156
216,516
58,80
136,122
347,124
1712,669
122,114
268,286
14471,15764
229,180
97,1179
130,660
1170,196
272,108
491,338
219,325
84,10360
1,1
141,132
23,37
3112,5924
649,37
265,205
350,104
845,393
98,122
87,82
707,629
446,232
583,831
685,749
401,843
422,321
509,443
208,171
582,444
255,532
453,448
92,92
849,1634
86,103
11277,10409
363,240
92,47
180,192
221,74
2116,568
307,824
1088,4255
10,6
217,81
240,14
53,28
191,203
123,61
251,1532
792,358
2182,2062
29,15
387,163
8897,9303
137,1226
58,79
656,9261
425,43
233,285
1208,714
650,381
185,96
136,99
19,182
460,468
1053,1303
6138,119573
324,492
1000,868
298,302
416,644
531,175
171,162
286,143
213,308
340,383
384,394
174,81
103,59
2592,24538
313,681
149,622
233,248
60357,59335
721,259
65,134
787,2537
6,52
54,534
353,1178
986,2041
713,1079
553,379
454,758
133,110
49,620
308,659
652,446
86,41
175,2879
297,174
32,8
1203,814
1357,435
18247,31286
832,741
382,2259
200,184
213,217
53,49
514,383
190,205
696,1112
708,933
30,3
23,16
9322,11465
2061,2414
611,3349
58,30
665,547
1277,1026
552,1391
8,3
150,182
504,1104
680,722
121,94
132,126
353,350
223,239
561,743
3742,4080
879,938
361,307
192,269
109,50
115,121
722,571
5001,1131
71,46
846,251
154,143
553,783
34,38
80,37
407,1481
457,507
6,130
139,108
620,330
1791,2192
148,51
580,135
1653,641
477,1058
164,348
144,145
93,90
242,82
557,531
353,115
99,19
83,383
507,366
49,28
192,436
11257,31367
213,254
120,24
1057,599
131,86
104,39
3579,6903
314,3773
5087,6725
370,167
157,132
38393,40492
63,59
385,1851
116,543
2690,2512
54,46
777,758
58,20
406,194
1974,1063
158,169
21,125
870,313
258,859
875,702
379,271
337,305
250,80
58,8
835,594
45,31
63,1
308,314
190,152
1,29
141,167
567,1271
330,342
57,9
9,1
113,91
7,3
7,3
11,8
883,755
128,20
291,347
2695,6129
15,33
7,1
14,31
1080,1577
760,706
70,115
277,761
382,436
78,89
247,151
392,4364
4223,5548
653,942
130,152
277,725
638,1473
43,1
104330,137972
806,447
500,369
24395,42665
123,24
8,12
258,1138
492,523
730,1148
229,143
4971,7977
223,46
496,784
373,222
1077,1369
164,378
990,951
187,111
295,436
665,519
455,472
266,521
148,183
416,430
196,176
39,1
1339,686
322,209
164,191
703,2521
164,452
139,49
1927,1896
1463,1872
730,719
21,54
88,54
29,216
718,10886
103,38
275,390
415,549
920,1281
257,321
82,118
473,769
309,586
674,151
763,798
403,318
194,373
17,12
158,250
82,77
270,343
404,761
0,1
184,158
18,6
101,599
1936,1137
483,522
28,21
187,44
352,345
255,416
81,66
204,570
250,96
983,328
16,15
355,298
154,111
259,285
366,505
2161,2065
160,169
5001,3435
45,34
110,251
324,258
272,454
2319,2164
227,84
86,180
257,341
240,14
35,1
559,1784
257,1318
97,201
837,1460
194,278
310,56340
26,26
632,726
643,690
3910,4418
481,628
154,1105
19,23
24800,30345
475,678
284,192
182,282
1624,1530
4650,15034
1168,169
80,195
390,435
692,2036
29,19
234,237
178,33
69,40
487,115
1784,1279
2911,2447
149,52
9935,10423
190,181
233,278
1216,2014
268,275
1970,734
74,41
111,86
282,916
78,51
1621,4018
311,70
626,902
1239,3101
262,157
65,11
250,282
194,346
902,782
414,76
1967,941
2,0
147,29
356,412
187,351
2,0
2,0
291,412
73,87
267,260
2,0
726,1941
11,38
337,591
194,67
114,115
1331,140
529,529
709,1932
77,22
385,281
29,30
630,2059
286,288
285,294
1887,1521
249,234
208,9
81,1310
294,391
45,80
108,71
45,21110
461,719
240,181
749,642
265,638
305,443
572,143
1228,1490
2007,1051
245,172
24,11
80,220
218,285
411,77
525,331
173,67
70,15
34,139
176,8625
554,241
1099,650
425,412
6,3
1,0
58,2
7,1
1,2
1372,1170
627,1196
1,2
31,29
321,333
378,303
5,10
944,1664
78,64
0,27
248,239
260,963
88,133
685,772
1345,1663
20,65
336,337
1,434
1219,1663
292,383
4364,4437
292,489
34,407
166,104
306,369
85,263
109,253
60,33
37,3
324,250
37,145
1810,1238
1206,2294
462,111
245,401
299,448
66,11
1997,515
383,285
44,51
2,8
999,1501
33,134
51294,71052
43,11
162,221
262,421
757,507
2142,2135
283,183
171,108
844,1374
87,147
2142,2135
1267,504
475,493
406,203
138,125
212,177
77,22
215,218
694,6089
21,20
1840,543
44,418
54,44
73,51
152,93
644,314
467,196
16,17
66,53
264,42
1171,8009
562,622
493,732
80,639
195,372
496,626
622,277
42,10
2142,2135
1,1
363,311
28,307
45,21
1181,1076
441,344
223,149
450,574
100,67
147,226
146,24
353,6787
108,367
784,1768
261,2652
1019,1011
109,94
1065,2127
1168,1537
56,39
345,385
2029,3374
621,6354
541,733
307,289
597,491
107,133
9495,9916
1089,1109
1805,1988
4,0
135,202
101,132
85,129
64,21
1061,847
2861,3395
148,143
930,260
7,0
127,21
277,262
317,275
1593,3512
420,138
283,413
0,57
89,141
2913,8238
18956,19286
274,125
890,1132
856,491
0,2
988,1448
300,543
98,66
39,568
427,178
0,192
58,98
116,77
1230,532
181,213
16,17
2018,1839
17350,17502
427,58
18162,18159
188,198
678,290
526,385
588,785
478,580
100,94
532,166
5015,6482
229,143
57394,68510
1131,1254
5746,6625
225,237
563,86
22710,23272
1241,2686
16513,16726
449,694
16036,16558
96,287
135,127
839,830
11855,20342
2023,16753
350,75
246,277
733,1133
689,235
67,89
15,18
301,20
4792,4438
198,217
92,51
502,139
651,790
190,544
352,228
142,213
597,432
355,423
163,31
224,424
38,20
758,87
32,78
188,147
274,240
200,489
3568,3372
1990,945
986,535
236,823
436,373
686,892
351,204
366,1093
168,180
1065,1361
1189,487
221,95
245,653
674,623
0,304
527,268
55,54
113,321
30,233
64,64
141,121
23,21
1929,1572
277,63
2813,3923
9948,9936
102,78
2546,3002
202,284
323,285
258,8353
301,94
5008,6067
149,155
353,176
885,1428
535,1096
1324,450
76,4
626,199
7,3
33,55
78,81
443,832
108,106
47451,45828
611,597
84,129
484,523
692,373
239,152
701,389
96,274
111,861
645,666
183,824
486,415
144,212
43,43
677,1006
1289,800
1196,1309
246,324
99,40
694,740
866,291
231,155
282,212
220,303
237,336
727,27
530,758
9,5
307,610
3178,3186
77,133
0,2
5224,5986
1004,3893
2009,749
179,118
674,2519
120,107
50,56
1935,1407
5146,24691
289,413
749,867
891,715
342,895
294,405
88,8
111,88
51,42
38,6359
78,85
28,171
328,289
434,87
24,8
196,232
61,86
157,111
707,402
21,45
2045,869
2425,2925
1000,675
237,231
1995,1847
208,350
23017,23739
1,0
45,10
160,208
383,100
16,15
1400,722
447,599
207,180
517,138
137,262
118,93
200,119
495,517
84,114
133,128
179,38
4529,4387
2915,1835
339,441
954,431
12,3
152,692
1013,3535
513,113
8037,7516
364,147
1037,4680
394,30
180,202
19,39
0,27
393,891
378,430
336,327
285,147
6,2
264,324
2,1
71,312
0,8
309,317
19,522
2162,5794
435,466
79,76
199,200
40,374
664,501
5,8
76,302
195,19
2122,1141
45,339
126,34
662,1261
798,126
331,217
1209,615
60,189
471,454
40,374
61,722
524,653
0,17
9,2
1128,1917
154,143
109,81
577,798
262,264
2155,5305
35,15
6192,5975
115,206
226,256
614,454
237,291
56,68
159,1387
73,144
32,17
464,455
236,189
1521,1883
52,78
37,59
43376,44170
647,870
39,44
30,1094
3,1
74,102
171,144
165,114
322,113
49,2
157,166
2350,22750
4878,8419
68,12
1,22584
219,1261
1970,528
1134,450
107,145
2041,1844
1600,1817
30,3
42,92
271,1032
776,259
502,774
130,66
1,125
149,515
534,114
155,510
192,115
255,151
12463,13102
86,75
130,299
295,682
125,110
281,1439
333,210
28,27
130,5
75,106
77,58
97,1655
767,603
85,47
1133,759
873,683
186,240
228,225
3408,2215
31,502
25,7
177,41
2154,379254
440,676
1072,923
575,357
183,43
1042,740
493,553
411,530
369,627
377,402
186,180
130,1421
2424,3323
572,625
617,723
353,49
57,197
36,36
82,32
438,336
534,35
5759,6968
455,695
881,935
232,1091
212,267
715,15095
579,1170
168,256
481,581
321,452
209,228
822,951
1076,1944
69,122
1085,1446
200,258
383,364
875,359
40,38
182,229
0,8
0,11
20,18
302,56
462,300
1178,349
46,180
128,7958
0,32442
1116,2699
631,962
972,545
8601,12078
99,27
67,52
51,15
3808,24214
864,3280
181,256
1226,711
338,518
479,205
223,502
387,761
1253,284
100,29
9561,9697
789,493
17160,26981
27548,23913
23587,29507
296,493
2035,1330
450,439
924,862
2478,2362
897,495
259,287
15,4
336,288
991,1212
732,598
959,5695
263,108
206,132
918,145301
66,58
477,2398
774,775
799,578
71,175
67,80
258,328
1905,1197
5759,6881
7240,9118
622,671
141,92
3400,4826
2015,1745
159,205
199,471
1408,631
5026,4776
737,2026
824,2145
267,334
0,0
325,218
1084,772
777,55
0,1
502,5200
24,1267
351,2435
137,679
237,1882
221,186
217,109
24,8
300,629
218,120
299,5600
23,309
217,473
899,12439
111093,101862
159,213
743,225
71,41
1,29
270,57
179,262
4304,4308
651,1403
200,814
3,89719
237,254
73,12971
998,1442
1,52
215,250
226,509
1107,1642
61,1255
106,105
16,14
680,1052
289,144
3278,3887
282,988
33,33
10,34
847,995
14,20
400,2666
36,9
469,211
6504,6507
1661,1960
1058,249
168,210
3,2
109,39164
282,627
352,185
312,1415
470,391
386,454
66,24
486,1079
846,50
508,172
519,410
1248,2311
1000,1571
240,296
317,309
840,793
30,18
4,192
314,193
2043,504
110,270
289,76
588,339
60,25
519,38502
112,273
184,211
79,174
201,269
26,60
799,686
2217,159
840,625
198,57
82,13
1586,1596
212,201
279,175
374,369
704,1139
416,198
737,772
1943,1069
411,736
230,244
898,530
279,909
1312,470
381,320
1085,1068
260,270
49,36
140,139
9139,8967
237,230
96,30
666,1193
1736,5865
349,492
116,236
785,322
17,6
198,225
229,15
1059,652
71,29
369,237
197,192
267,248
83,202
13,17
2403,2935
11,1
917,753
234,59
259,181
220,303
31,7
1848,1675
2077,836
173,422
73,57
229,190
214,264
21,174
126,219
198,306
277,300
286,33575
64,80
217,156
237,243
137,38
2657,3490
819,4192
29,26
712,1435
138,152
179,179
449,324
505,615
205,50
93,92
18,6
79,19
63,6
745,572
227,50
702,855
225,156
39,3
221,256
61,8
8388,8845
901,772
75,78
141,130
128,451
67,7
321,225
765,4335
2109,1688
297,347
70,58
0,26
577,625
344,573
391,1383
0,2
271,284
532,647
112,13
231,230
1992,1592
1867,949
93,104
566,27302
298,205
215,37
213,151
32,39
49,12
5,158
499,83
64,94
149,108
60,93
557,99
2087,1552
38,2
11,14
1300,199267
1568,1631
239,210
308,757
0,136
78,325
11,0
113,88
121,24
830,367
12495,13590
7531,6961
256,103
62,854
456,4391
401,1357
373,100
308,586
573,644
111093,101862
1753,636
302,717
357,563
804,1052
0,0
274,281
557,43732
337,212
232364,301459
102,393
126,1182
730,728
2967,4388
32,32
217,582
338,2829
273,288
463,76
1870,1831
587,712
193,71
957,1069
103,119
60,45
1445,1665
70,6
144,73
5172,7049
332,311
1,8839
144,2422
198,300
0,0
151,1340
323,566
475,576
86,166
4597,8070
58,19
161,41
1426,1794
365,300
90,6
480,1296
1963,2027
414,292
4,15
25,23
1348,1886
212,2650
991,3684
152,848
531,884
129,225
96,60
971,681
647,640
6910,9006
17474,23720
53,108
27,16
747,997
8,23
56,53
194,170
259,7
256,7
1215,811
468,313
284,848
1131,743
514,617
99,273
139,160
202,308
256,7
306,403
398,1
555,672
285,2963
318,661
130,200
623,140
47,9
491,548
442,682
41,28
2110,583
286,389
230,120
81,18
42,32
670,2043
189,411
4,746
10,2
471,3529
1725,1592
6,0
100,570
0,0
350,2109
60,3
176,1239
1024,1219
466,789
0,27
589,2594
61,274
891,680
1573,3462
4372,588
66,20
138,148
422,87
273,128
871,994
224,261
28,0
582,147
409,508
80,127
225,491
23,21
151,89
339,361
172,225
1144,489
1720,1475
2060,1536
5,158
67,127
595,390
1885,606
95,93
68,62
235,922
115,541
2230,2732
355,303
320,300
1642,2064
149,16
416,297
7,356
31,35
107,54
100171,105112
158,251
23,664
405,32
470,252
76,68
40,27
10,227
44,3
373,357
373,128
87,96
1515,368440
193,80
132,70
38,2
8370,14331
512,454
3500,3502
517,131
348,66
65,90
716,1259
56,67
470,269
139,128
68,66
267,497
29,20
130,364
654,478
2,0
1631,1732
411,800
306,241
318,268
25,26
1185,618
245,95
276,480
69,48
340,509
5860,5427
545,292
173,215
111,62
389,279
354,366
69,23
1273,1576
395,55
1914,122
2019,1413
951,1141
185,560
146,996
1057,1206
1885,2969
150,587
305,266
126,15
433,237
119,575
34,34
36,40
2338,2544
22,7
219,321
103,161
111,148
91,192
66,62
492,502
27,8
785,1386
3,349
89,88
499,1191
4040,4925
851,851
42,3
7999,121417
191,407
155,109
128,152
611,1308
273,388
202,387
52,19
5,36941
26,620
325,51
205,167
194,299
106,174
664,863
182,103
1423,49
947,223
761,1151
273,487
146,154
545,278
285,96
33,33
21,29
90,183
231,222
173,306
481,1476
152,284
1844,420
262,688
570,2870
265,660
1278,1585
144,145
11136,10586
64629,100031
102,207
227,2173
241,1829
167,63
411,457
217,1127
26,0
408,110
2,0
159,109
69,82
2290,2692
1053,300
1248,1938
7,90
345,1426
2066,1999
194,178
228,0
35,10
102,2543
2002,1627
235,55
243,254
309,384
937,1040
892,390
452,1191
527,186
391,345
777,274
98,1215
82,165
779,276
345,253
424,421
0,58
107,3778
662,10147
60,7
551,203
180,328
601,547
1014,643
0,18
260,295
677,130523
262,127
59,3
118,128
171,235
340,301
44,0
135,143
216,647
105,49
297,667
241,9
92,92
562,723
1896,2465
310,281
563,165
1620,541
905,1270
1597,355
10531,9572
137,126
197,278
469,388
62,51
84,32907
633,440
56,62
53,25
5282,4999
1277,1718
103,41
92,198
1949,1286
421,5634
286,123
54257,45918
99,43
881,1420
718,4291
1961,851
18379,28469
405,566
330,40
64715,98289
588,1046
3365,21668
60,117
2003,1277
104,87
124,96
14388,16520
331,425
530,631
1850,2180
140,36
151,189
1,43
883,594
394,389
3144,3473
0,0
649,636
175,105
126,299
301,1143
1718,224
1,68
1434,1053
84,1189
40,6
233,177
96,96
1179,912
1124,967
50,6240
94,112
320,435
322,200
118,179
86,86
166,219
249,219
943,288
573,1476
1789,321
1352,1328
28657,64892
1851,1077
7858,7795
4512,6847
0,0
12630,23356
0,0
1,0
183,68
336,381
419,1009
9139,8967
484,287
85,158
287,401
1652,1567
195,112943
0,0
127,132
1217,377
1504,3021
645,404
735,453
1290,1085
590,1373
975,1823
2006,852
9529,13208
343,396
10351,11300
106,97
276,455
32,33
105,69
697,3990
255,222
628,302
576,626
367,94
4760,4796
997,2621
484,801
391,328
2034,1694
1525,1058
5,2
57,18
9,365
846,395
962,917
329,488
988,221
2753,4182
40,2
823,127
35,10
3,59
276,13087
1962,2818
1764,3240
829,348
447,616
599,1266
405,461
446,454
52,48
137,214
273,647
513,397
43,50
193,5963
834,613
1741,1924
372,632
118,77
71,2615
130,678
567,767
499,456
413,471
1295,442
52,77
98,83
53,41
354,529
111,83
317,1142
1580,1926
73,55
148,155
1182,2017
881,921
815,450
526,369
59,248
382,254
500,66
529,928
267,335
787,496
22928,24999
21832,29170
48,340
1422,8593
266,300
4159,4624
2011,450
1463,980
293,437
487,3379
120,12
312,1707
351,538
761,1165
130,111
646,500
210,403
66,14
355,662
1042,1487
209,35
75,59
1,553
8139,17489
350,272
359,343
446,229
1251,281
133,104
37,56
641,372
389,497
1337,1113
101,104
148,126
30,4
492,122865
39,125
2645,2526
373,420
2759,2544
0,0
62,152
1208,921
7,6
58,55
284,505
654,550
273,40
1,14
344,429
41,2
83,112
1266,1292
2,1
155,152
11,72
700,290
73,45
483,1593
99,112
2486,2294
1806,3232
495,858
261,59
581,486
39,7
2193,3971
441,385
79,174
93559,98106
81,33
119,114
96,86
978,488
453,205
29,24
345,864
161,399
235,214
794,1519
1474,2272
455,452
481,460
73,49
360,478
175,101
1700,552
420,533
2311,3458
99,159
417,517
1076,1045
2034,2251
51,109
1624,2099
816,872
1359,581
6,213
13969,15708
256,1164
178,415
123,138
1801,185
186,2461
123,124
450,215
86,65
847,2126
18,4
16688,26722
1974,3565
123,124
480,652
280,284
268,270
113,153
1057,880
168,56
6344,7312
896,27
953,1382
23,100
58,90
71,1897
254,400
3925,24216
897,1112
958,83
360,20913
0,92
1156,1674
720,1106
309,967
8,3
66,64
1470,4670
318,254
10,10
247,169
1176,1544
792,1284
5003,1414
585,635
4,1
156,2365
1758,1639
1751,924
1556,135
537,592
197,400
230656,224585
298,194
57,83
163,454
135,585
4853,5410
285,193
150,230
967,496
52,196
515,510
13810,13782
4579,6773
56,7
247,299
345,398
176,80
88,203
2003,1415
810,983
157,161
1670,1762
10054,10026
2713,705
246,811
433,346
0,0
232,885
421,430
275,80
477,350
840,2846
475,596
1886,1834
295,74
211,817
100,3606
855,145
292,413
76,64
889,427
216,438
327,521
81,27
322,246
704,170
155,356
138,189
10,4
204,181
1050,1110
86,3
193,60
296,1860
108,979
468,722
1570,1128
952,511
163,22675
208,176
4183,4255
187,236
46172,135234
491,573
241,271
85,121
684,1192
130,459
113,403
1349,628
127,120
61,5
34,37
2820,1743
503,843
333,352
78,431
694,1235
238,1138
196,260
882,1183
278,334
75,77
10,8
229,395
157,165
519,580
84,9
163,440
31,256
1090,1134
299,137
415,426
399,294
51,41
2011,650
3137,2884
854,230
199,6
119,142
110,8
297,158
209,545
119,36
552,1078
24,23
164,166
377,438
478,135
205,316
1213,3128
22922,25833
653,663
4,3
78,81
702,2125
168,84
450,364
72,21
663,471
226,351
219,385
488,367
533,558
178,20457
3404,3523
768,428
309,408
5,16
88,62
2975,3391
1938,201
99,333254
189,215
24,22
509,1115
602,42065
326,423
890,164
300,277
17,9
48,36
99,103
386,542
183,40
200,199
274,175
48,26
50,58
144,134
0,0
828,936
179,185
308,479
177,726
312,256
71,289
5,2
1966,3350
0,123
599,1752
306,693
117,179
229,143
319,280
2,0
2094,1470
1995,1826
305,404
0,0
9640,26183
800,108
387,761
290,63
261,91
1392,1407
13,6
512,270
163,583
41,14
132,51
53,1441
339,3141
36,84
266,297
345,249
183,221
328,5608
96,94
1058,1465
179,397
242,149
341,409
382,69
847,567
1046,856
2866,3311
1569,1527
2142,1540
244,195
4078,5534
80,41
56,4
1077,371
531,531
226,20375
1936,2722
70,595
572,123722
340,325
1597,2205
1058,1212
6,0
2000,776
356,364
121,188
0,6
195,391
456,2503
384,187
2750,2805
1978,1163
467,126
501,832
299,6487
1736,1947
1127,3846
0,173
177,103
244,262
280,192
151,168
525,551
77,20
681,1578
914,969
253,764
2736,2904
454,327
137,79
134,165
616,259
6209,8830
414,619
382,500
64,18
394,393
5983,6946
315,369
1018,557
772,1001
116,171
118,40
194,196
1119,1465
623,210
719,3334
217,317
217,172
8,1
8,388
593,305
62,88
69557,91074
988,658
12,3
146,114
8,42
591,736
237,133
100,291
640,539
137,201
275,97
47,53
31,1
674,1551
135,90
367,182
178,214
2793,2988
396,760
136,75
56,46
1452,1140
22309,20709
222,260
405,166
64,103677
28009,453515
3158,6539
41,36
2010,286
35,18
1848,310
457,92
109,208
184,995
509,212
223,243
473,396
77,38
825,911
171,15315
63,64
56099,55873
200,937
2594,2984
5,2
130,179
433,520
25949,23954
178,43
98,15
170,207
193,188
961,730
879,947
214,366
184925,197836
150,103
74,142
3,154
613,516
2058,1183
275,443
1848,848
1199,3891
351,355
37,3
128,219
1710,2638
193,197
90,84
3011,3353
377,461
532,1114
22688,24655
115,243
422,157
848,342
229,172
1999,1284
122,113
102,259
78,26
334,159
5,5
437,1994
1636,1393
82,134
117,117
272,15
1289,511
208,101
2112,1382
2408,3548
1607,2403
685,743
40,39
262,2397
537,442
19930,366572
108,814
42,5695
70,166
618,646
2119,2231
550,907
975,757
1065,1441
365,5608
138,113
147,143
1391,609
62,72
1901,2196
149,132
430,74
671,2545
52353,47817
47,306
522,920
133,118
402,354
142,248
20,853
191,42
40,7
65,177
3938,5563
96,46
40,5
82,92
373,2827
35,8
175,76
393,621
173,180
227,318
1647,1239
377,697
133,102
113,5
84,86
338,501
101,121
44,40
895,2074
81,288
412,1067
568,112
0,0
251,338
1129,16461
262,598
0,0
55,69
48,78
190,377
1,390
113,184
107246,100959
92,214
219,739
127,122
75,30
127,15
320,265
624,317
282,417
271,343
5,16
72,57
1759,1553
996,443
328,365
420,436
2104,4984
236,339
298,373
340,359
317,429
593,1811
225,146
568,126
2483,2052
411,373
253,290
2243,2392
314,184
338,494
640,760
1384,1460
64,133
138,647
894,1091
163,329
50,2
2811,3047
85,158
56,1
47,2
172,611
79,93
474,600
128,150
138,451
509,742
236,56
388,214
802,2875
391,515
321,210
3104,2833
732,810
282,44
310,226
163,93
203,93
215,152
314,411
202,147
35,128
251,349
4,38
1308,955
236,159
542,668
44,4
577,119825
145,129
1770,467
96,16
208,76
341,618
180,279
379,278
2172,1899
316,169
530,1733
199,135
370,477
167,418
143,103
1708,1335
383,279
887,1151
213,1022
52,10771
378,2007
2430,3428
687,1121
81,237
693,1245
2854,3438
601,324
1975,1526
781,233
162,75
490,369
135,136
846,471
947,2589
287,149
123,239
335,723
1470,225
511,103
337,466
299,1529
415,543
613,802
105,119
40,2
92,664
278,178
59,101
220,161
354,299
551,416
133,1722
56,133
87,89
270,455
71,38
28,131
541,418
2009,1404
169,136
825,542
935,1899
205,123
1895,746
343,102
136,52
879,182
199,199
13245,25015
107,2533
56,101
44,66
1135,657
127,433
284,77
22,16
1590,1928
841,784
159,209
259,198
663,174
20304,28819
160,241
40,3
447,233
23,7
189,1057
233,398
1986,6834
288,173
86,114
645,7083
813,372
10785,10208
680,201
76,11
353,520
7195,7869
444,2246
372,364
111,74
122,150
22,298
753,2997
20,20
224,407
554,4579
39,5
320,346
128,19
101,220
90,67
242,230
611,649
63,40
85,198
0,2682
157,292
943,489
214,53
2467,124
182,457
2193,2371
471,126
253,312
154,193
84,16
4212,3780
178,50
262,261
100,279
20847,20915
1715,2103
214,214
38637,58715
183,166
500,677
485,796
119,235
3153,3349
73,31
2432,3095
595,3280
3,1
1853,1324
1100,867
115,4893
204,182
3688,4734
418,94
1133,1260
924,837
98,69
713,1115
346,566
745,5510
378,392
40,44
514,167
5018,7753
2,4
3129,1230
179,133
2714,1743
37,3
836,546
363,323
99,101
399,542
2823,4153
245,341
13812,16106
230,736
919,1343
26,56
46,74
369,206
746,4029
23,7
5530,6232
1856,2066
474,446
5146,5343
527,268
18675,20782
140,117
259,132
2110,12831
80,56
207,239
1018,394
318,130
295,381
2209,2177
171,22
123,138
17754,41578
570,951
1028,557
500,340
626,474
16,14
745,1798
104,60
1473,1097
238,317
4413,5006
855,9650
1135,699
41,18
476,446
0,4
211,30
513,97
40,17
307,143
81,90
482,1570
331,295
47,23
981,1082
109,79
239,328
12010,13338
511,131
412,420
46,13
62,9
756,453
341,255
1902,1246
939,884
50,683
236,287
650,627
16,83
116,164
149,45
85,140
111,120
104,557
3269,3021
1065,360
165,3007
854,458
10,16
167,206
67,125
894,1139
551,1976
421,249
197,305
114,90
42,100
384,135
182,219
534,425
497,364
1311,1536
177,1040
2060,952
4270,69259
103,73
957,959
344,437
346,697
420,276
40,374
42,31
23071,22831
504,813
93,31
185,711
698,234
31,18
15,3
1525,1062
199,496
589,972
354,197
1,1
32,27
257,248
266,718
5,13
238,340
224,139
3,4780
76,218
29,5
362,2687
130,60
116,94
261,1363
272,1793
205,195
68,46
177,267
105,72
47,2
1768,2283
75,224
380,158872
184,202
388,336
5674,6920
24,18
116,60
57,1
330,81
13,953
2111,118754
205,47
48,57
182,564
5,8
6,7
509,591
192,69
560,727
294,293
3945,3914
392,456
145,2499
100,36
74,45
1343,178
2439,12052
636,600
8,2
115,36
7,31
130,1420
1818,2541
60,20
662,382
556,562
71,650
36275,44120
97,135
201,122
29049,28886
226,609
788,922
243,455
198,332
84,73
85,14
631,831
79,7
9955,11286
683,10155
12594,15980
402,466
451,116
419,352
283,221
153,107
284,230
29,50075
2227,1748
922,398
159,166
109,2876
384,311
0,4
86,7
441,457
710,458
1210,931
735,667
1545,1573
129,140
40,50
240,14
236,502
228,171
1366,1821
60,45
842,136
1147,283
126,224
45,90
243,424
343,280
771,92
289,408
1540,1401
13,8
1000,801
74,72
429,177
3653,3255
443,151
569,668
936,4969
125,112
1641,306
112,49
427,369
2,6
229,287
805,566
227,411
154,167
57,14
347,95
3994,6711
0,0
813,1163
426,296
3,470
315,196
607,837
218,220
348,291
71,68
310,266
411,52
171,773
597,525
97,97
15,1403
487,3925
104,138
60,46
532,893
456,610
1955,1173
18,17
4595,12415
1139,6010
53,195
207,1070
1713,261
933,768
425,179
1109,1673
208,120
1267,487
181,186
11398,15342
39,27
1160,578
206,18
123,139
188,158
887,1634
2514,1814
497,603
213,1271
247,410
31,35
116,84
10,128
1293,1180
513,145
3742,3730
293,213
598,660
191,451
0,0
1,1
350,195
574,893
607,1260
393820,396131
657,796
2025,1751
0,1
531,140
386,34
98,39
890,788
77,37
177,530
717,1641
5,8
413,280
377,719
285,2963
330,346
312,7032
839,44
643,639
0,1
179,1
509,394
230,55
1000,3284
421,284
991,826
220,235
62,15
6,4
0,0
667,248
469,268
344,127
141,60
2209,2177
125,126
238,131
170,210
1567,1684
92,49
2043,2037
548,1069
153,1995
268,511
202,522
666,390
145,8
89,7764
462,182
190,121
9463,18010
312,194
683,1149
242,275
92,289
285,245
1008,3868
380,733
424,498
1197,822
47,41
120,36
410,449
118,101
2,2876
409,824
88,100
126,93
760,219
310,224
229,151
659,257
423,196
0,350
22,1
82,91
16,260
15,53
316,332
12934,15779
175,120
272,102
452,376
4703,4522
96,39
244,253
135,0
88,76
4358,5345
748,1515
6407,7129
140,109
92,83
182,236
8,9
737,668
488,212
279,823
70,38
340,1425
47,44
476,703
325,41
477,473
1961,2050
71,24
292,311
405,169
159,210
157,92
154,78
205,48
12,24
148,17
9,9
1811,1350
4,3
38,40
67,31
200,332
1148,1530
964,730
375,375
694,923
21958,64742
1754,143513
32,0
641,250
289,125
321,457
2432,2741
90,69
11,14
5,16
403,330
46,46
3,355
42,27
0,47
700,713
432,386
161,226
206,96
36,40
21,321
224,117
64,40
51,3076
830,1773
217,327
27,15
227,138
76,253
148,188
528,229
38,5
9709,21753
180,669
619,524
81,196
168,2510
814,2397
444,428
394,339
70,12
375,540
128,38
172,210
2026,1013
356,5736
214,222
112,201
13484,169918
313,178
761,911
710,423
59,54
93,28
144,98
601,4924
209,59
348,241
30,6
386,630
308,516
368,250
440,168
62,64
253,239
451,825
373,357
2081,705
1847,1863
495,410
299,2090
4,70
163,287
305,119
296,1031
123,245
108,133
1538,1266
111,757
2352,742
159,181
439,211
842,766
183,126
544,785
163,193
249,270
55,82
843,380
14,15
12,464
17,124
1361,1450
1608,593
113,9
139,164
46,10
637,1052
273,8227
8,4
49,12
6,5
78,97
39,60
333,1630
35,23
2012,692
407,114
1894,678
19285,17560
539,511
373,673
0,2
82,37
326,304
211,513
458,483
116,112
1037,673
136,7480
502,377
53,57
2010,930
17,6
503,782
371,331
102,223
270,177
522,850
157,644
1552,2764
391,769
366,445
671,675
754,607
7989,7289
318,323
144,107
129,110
29,344
528,229
202,301
45,86
1360,1061
0,0
58,54
2041,1136
1960,322009
487,136
154,22
160,127
45,28
154,22
45,28
579,570
401,3767
660,721
121,59
4312,3981
377,261
130,278
38,11
677,130523
392,431
12,21
329,469
423,210
140,409
433,610
52,29
230,248
265,121
11,7
534,978
526,981
1726,652
296,1860
1275,6117
169,193
1030,1057
310,761
355,613
1068,465
9887,11058
3357,2763
278,53
250,51
125,10
3341,3889
176,59
318,322
65,534
492,683
139,145
136,163
1483,1635
3687,3359
255,263
287,199
2267,11385
406,466
2928,3664
347,254
180,53
2013,1172
427,315
686,179
341,374
20,128
2683,2318
210,323
43,7
408,340
77,52
127,15
141,44
87,33
1509,1827
544,450
109,331
206,257
11593,46160
41,55
462,575
537,643
142,193
406,1265
349,487
64,57
201,437
44,19
942,389
69,63
72,39
89,180
261,2569
1152,1450
1149,1929
275,176
503,324
486,491
45,28
51,301
1643,13703
261,248
3,642
259,214
227,335
21186,22420
230,222
148,52
1507,1530
5,1
2727,727
238,99
6,0
317,184
223,288
100,337
325,366
436,2780
5,0
180,377
8,1
1059,1949
34,48
279,179
996,608
154,187
107,290
95,889
107,158
47,16
5,0
55,24042
2048,389
136,481
38,36
5,1
723,7
899,675
489,353
148,22
242,1202
127,18
180,188
305,268
145,574
294,337
210,240
0,65
1697,1296
315,174
0,0
272,222
167,269
1138,460
172,440
1002,548
513,381
11,4
871,956
299,308
291,306
211,19
433,554
198,188
11,7
66,15
691,726
1700,19
596,446
1005,1212
240,456
491,785
150,1536
81,18
4025,3770
243,2407
709,1176
545,498
491,535
201,202
4797,1472
591,388
48,598
79,50
2070,1398
157,257
1072,1107
798,312
917,7362
232,27
93,490
913,1525
167,323
430,232
512,1058
52,60
72,6
5958,7832
0,2
1469,1703
270,228
1013,367
1819,1736
112,120
59,32
187,329
1030,2750
733,1167
1802,489
222,527
342,519
250,207
473,472
447,618
43,23
7839,15739
20,17
47,16
186,1523
1813,921
369,743
361,381
297,6241
36,36
54,240
654,754
647,846
209,248
110,188
630,93
493,474
1044,819
211,6197
377,1708
2976,2967
224,660
515,204
49,37
41,1
96,84
67,45
401,627
100,412
119,546
450,950
2015,501
2202,2720
117,50
9812,16257
17,17
818,2777
54,82
240,138
468,503
156,404
40,22
137,78
740,196
1968,1861
63,39
76,65
1538,2859
36,18
45,79
328,559
2937,7429
54,64
57,8
153,156
2051,681
286,107
627,807
1547,994
0,2
152,294
47101,47081
500,614
224,158
91,133
444,210
24,8
406,232
2025,1751
155,22
93,62
136,142
73,24
301,391
544,117
234,8
48,33
2890,3276
41,2
177,50
663,688
499,1267
182,187
785,383
0,2
276,2201
201,238
144,84
179,221
356,250
102,199
328,209
953,1535
67,28
1196,1478
301,1414
548,5121
11,93
658,567
207,96
239,121
373,261
950,300
1001,651
376,623
672,3119
528,956
502,156
2,17
239,217
337,239
5497,6507
232,59
111,111
374,787
262,300
197,304
106,418
323,434
568,1023
63,78
299,197
84,26
2502,1115
252,233
3646,4451
333,1071
281,268
237,229
69,53
504,222
416,607
164,274
181,45
83,250
39,0
434,145
414,273
559,1209
432,1364
1947,838
211,79
8,10
1725,2703
85,19
171,192
1,0
391,317
156,359
177,204
1205,1429
614,272
400,437
338,159
1664,2116
32,59
783,327
320,77
1841,8313
230,165
118,125
120,150
18,16
190,32
1902,1246
908,1238
4252,17537
0,0
582,477
158,208
372,87
424,120
273,312
694,1567
714,550
1396,1544
1871,518
4890,6513
288,541
410,884
537,592
17228,29736
5,0
243,30
13102,20758
715,822
3,0
10,45309
1220,1001
1044,1508
5,2
5,0
14,8
333,345
1914,1507
392,201
803,444
1699,213
491,543
110,8
2020,1892
104,60
163,465
150,211
8,1
942,1045
45,236
707,1111
2561,1585
932,954
9406,10391
424,798
316,36
310,232
360,600
146,265
79,54
722,258
0,0
83,92
885,1031
203,203
509,6937
21,12
1,0
1865,381
214,81
382,436
288,218
194,597
390,63
2004,2411
63,8
301,321
54,240
778,10268
2110,1109
109,159
47,71
29,19
1916,1215
1082,2505
238,452
602,42065
600,803
293,2230
130,134
150,267
328,387
5,284
328,193
114,33
2056,967
422,327
319,814
2437,4411
159,80
149,218
381,2186
1996,1548
774,1695
1038,1193
1429,702
83,83
80,1290
1131,1368
353,361
137,97
170,78
1600,509
956,250
781,705
929,1401
887,806
596,3075
35,27
305,112
114,14
526,272
53,89
333,38
206,115
490,543
157,242
193,2534
217,149
2147,2532
4375,588
481,372
449,597
37,361
96,16
1314,14032
167,185
1400,274
1320,672
580,240750
137,138
300,16
113,120
1,136
182,41
214,63
2,2492
99,6
241,193
471,1218
1028,1231
45,20
205,329
689,919
995,2418
67,67
61,2
408,413
2049,2121
204,129
1393,833
132,104
315,301
172,190
206,121
357,5968
79,18
88,140
646,621
10,4
10351,11300
500,498
117,107
429,318
300,62
40,79
149,1072
21826,19812
44,37
301,55
91,65
67,30
1113,443
256,489
394,1145
19,347
80,2
802,818
41,20
6262,18355
47,41
1175,1617
181,170
3345,2239
400,321
1543,1058
182,147
1578,689
1930,1373
132,119
390,1425
91,413
403,1024
79,41
111,111
754,805
298,419
497,410
218,53
374,176
174,136
313,455
1313,1528
46,47
335,1857
1978,1714
102,744
1493,1185
23,34
587,616
221,277
453,22
91,366
685,459
91,75
419,70
31520,34647
20,36
456,2554
378,500
44,0
229,923
517,599
116,128
295,501
387,416
0,11657
724,217
154,154
1506,2089
163,123
309,262
1075,818
1,1
119,84
17,139
121,158
101,475
231,53
292,728
924,207
156,213
321,868
448,4635
2289,2316
7281,6697
55,89
76,90
2321,985
133,103
4755,5167
1254,1409
361,207
89,173
447,488
156,206
61,59
519,191
385,576
218,377
40,30
457,547
188,322
1926,826
214,122
657,534
0,3
145,91
569,623
531,211
584,376
15,5
15,4
27,24
3035,5891
145,15
323,772
2178,4743
29,262
70,61
365,496
395,671
360,436
184,4287
11,460
2041,2430
160,195
289,715
16,5
539,477
614,821
484,394
751,615
879,1645
1450,3413
516,378
2919,6772
574,964
4,71
444,884
521,632
611,2047
3567,4015
4614,4330
4,371
131,180
148,188
62,7
9139,8967
1625,2235
441,641
87,445917
534,741
1265,1889
222,236
497,280
177,190
443,4077
242,117
98,707
871,365
1350,913
447,763
901,965
412,316
82,551
28,150
201,127
1723,381
3128,2801
1271,3381
333,484
212,188
1,644
593,557
991,1526
344,871
34,221
649,998
544,608
194,157
69,34
489,358
107,37
121,94
127,175
340,410
719,447
40,24
113,108
222,213
13,370
289,453
152,650
2211,692
79,6
580,643
163,302
52,7
433,457
133,50
611,385
58,25
348,69
228,470
516,603
28,1
222,202
259,383
346,64
604,2179
768,444
132,204
862,1332
2,1
1489,791
653,2232
5294,10510
120,59
212,4122
2,1
347,234
2,0
1704,2402
126,60
86,27
59,432
127,96
253,150
795,1356
3387,4522
82,83
1077,190
314,844
1,24
274,323
633,915
57,17
54,55
51,64
4356,4923
245,262
60,93
341,10185
2041,1632
616,164
1239,1063
483,1433
85,158
489,414
700,3001
14,4415
438,682
35,9
126,146
104,84
2814,2007
166,86
1,691
199,143
217,255
1029,1194
1971,709
217,600
297,397
324,260
2048,1225
127,146
1957,1747
210,62
2,1
1320,545
0,0
1413,1131
270,128
97,119
4911,23257
344,303
35,35
67,23
743,1162
366,588
1015,743
858,636
846,1426
78,106
156,194
22,49
0,99
269,380
59,156
139,116
42,13867
246,166
739,587
107,36
486,479
143,379
182,676
23,28
19,35
441,758
647,829
532,578
121,38
169,114
3436,3211
312,623
794,1718
245,209
346,1234
259,86
2675,5542
496,46
215,193
427,3018
331,677
22,18
1056,546
180,179
119,50
312,262
289,266
76,77
41,16
29,11
91,119
868,1019
374,508
122,315
1353,445
94,82
679,234
150,8216
61,5
1192,1361
598,2962
1738,2981
1181,850
100,77
135,142
186,124
141,104
140,2580
2631,3374
846,635
268,330
439,414
0,0
485,85
290,295
208,124
295,66
332,262
1153,943
386,301
208,171
780,1068
425,263
124,119
530,560
210,315
148,51
241,5558
252,329
1360,583
505,180
248,631
374,584
458,714
140,37
1,13
2288,2295
12454,14953
67,5755
9956,93911
523,181
321,331
197,54
7,147
0,16
165,17
138,261
1692,731
557,571
670,2275
577,147
9139,8967
4442,5751
63,15
369,283
111,119
408,703
594,926
924,837
220,134
190,157
270,220
3,0
60,4435
2715,2792
19,94
216,223
534,408
284,411
39,19
446,529
2612,2363
2277,2322
41,38
214,188
35,12
3,2
1181,2033
674,218
297,429
667,2650
331,94
328,226
115,153
87,159
84,12
388,218
405,166
67,73
29,31
88,75
3828,32800
372,116
182,48
1240,604
1775,3621
1704,1983
3,51
103,39
156,341
674,116
0,1
53,8
89,79
69,80
1079,818
139,80
8522,13741
0,10
536,1056
0,2
40,2
946,835
10,10
89,141
323,161
366,138
21,5
113,16
3275,1114
274,8251
2508,3006
163,279
428,68
2012,907
72,67
80,37
906,1076
203,44
2043,2129
239,299
90,88
165,665
190,59
239,540
143,35
339,269
538,609
290,185
346,8620
15,12
575,978
5605,13971
168,262
485,897
55,54
245,255
430,14339
163,146
100,245
299,1984
551,190
795,425
174,112
185,29
1158,1188
60,18
82,131
1739,2193
2,9
330,327
156,11
51,40
115,404
722,686
260,139
968,570
219,405
190,113
456,4985
2001,377
220,1431
443,252
632,264
34710,38108
306,970
1024,1521
782,666
42,297
51,101
164,265
932,440
37,5
84605,92348
242,700
1,0
66,19
534,370
8,1
211,296
65,82
19823,22336
207,247
2733,2761
137,248
293,164
46291,55970
30,65
1938,1456
56,462
44,38
206,242
31,25
74,24
310,123
801,474
178,157
131,3008
65,115
555,1002
684,328
209,1
248,183
33,28
35,6
54,89
93,459
242,141
575,682
2035,2531
8,1
5,4
5,0
8249,8064
62,348
33,1
10092,12727
222,318
346,477
7232,8580
5,1
180,24
5939,70161
43,121
2054,1231
2490,4783
163,33
1834,877
316,75
1727,588
438,474
6567,7900
421,5633
164,4108
3,97
21,20
262,584
157,4701
263,411
1480,1032
3323,5531
7,0
502,156
25,32
133,47
299,428
177,91
941,853
4389,7825
101,81
268,364
153,463
461,532
393,208
205,397
5,2
117,7866
1320,403
82,7
480,421
142,3250
651,491
346,404
1858,1710
215,249
428,644
19,26
465,560
157,203
270,289
8,4
536,279
404,2454
101,163
2521,587
1588,1815
45,36
866,891
41,0
1065,1664
17,5
196,191
189,437
2059,673
377,492
28,15
17,2
203,44
398,582
149,228
9,6
303,25885
1045,688
739,224
35,107
529,601
392,255
49,6
201,32
137,49
585,622
340,87
373,54
91,139
472,517
339,7
1532,1845
378,651
87,24
1820,2028
553,1143
351,2351
0,50
158,95
363,42
423,240
1068,1110
238,35
41,13
2199,2207
756,980
794,1513
7,9
2294,5324
266,229
422,423
222,75
1921,1523
1920,1827
512,550
889,924
416,1228
614,648
338,334
96,934
107,81
291,356
570,589
267,98
1793,7628
604,665
408,397
916,931
59,41
0,3
237,70
593,285
22,2
84,233
355,727
789,643
244,279
44,48
303,133
335,216
7,382
144,114
31,1264
1321,473
1160,579
20,46
179,133
2008,1050
109,199
200,81
2055,8262
402,339
557,109
66,42
70,503
539,482
1805,258
40,46
1722,1140
453,486
157,470
3430,3606
1131,2589
2382,608
0,2
624,1204
79,28
199,81
57,6
911,422
1142,1170
295,684
211,28
934,1377
695,156
722,826
484,382
342,53
1582,762
343,6096
119,379
1253,2024
3470,11186
83,86
539,996
145,261
1101,1031
352,127
423,210
32,84
229,296
108,62
222,291
309,358
238,12
280,263
9,20
15,53
693,805
2303,2432
1455,881
369,204
68,63
598,923
191,3601
153,857
764,1102
109,66
145,299
20971,102940
397,512
1322,634
204,172
1707,635
371,317
333,183
280,572
3974,4730
2111,1994
141,286
392,454
70,73
90,14
143,34
339,252
74,40
240,392
187,439
1970,1537
10,3
1256,119091
557,425
3653,4236
708,629
369,5080
316,169
91,42
169,5
3378,3096
298,409
456,4356
138,151
83,52
3842,3934
1164,116
227077,516518
424,4031
5,3
203,64
3960,11572
0,0
260,243
15,6
591,10293
99,43
463,95
173,215
151,171
179,213
