3882,3630
186,82
233,6
1178,408
91,83
93,721
377,10
295,47
1950,1210
382,167
205,151
394,479
2064,1419
193,50
1151,1220
2124,2240
100,1546
54,95
2020,1286
122,625
53,4
1255,7456
125,19
1994,220
442,740
1159,885
1310,392
149,346
111,8
107,88
968,676
367,450
211,94
314,187
34,14
1008,717
534,430
265,314
630,2147
22,617
283,396
1976,659
199,403
100,71
230,219
809,1140
86,69
85,108
316,420
85,92
151,324
527,593
10970,11209
502,430
85,39
52,21
138,39
1498,1307
70,616
3797,3850
552,548
372,874
674,698
270,61
203043,299692
922,3026
288,52
101,295
186,85
419,288
852,334
86,65
148,6
65,76
123,182
306,234
194,164
599,489
167,105
325,209
817,393
981,589
12,3
108,17
514,2293
103,99
576,2589
240,327
77,26
94,221
71,18
677,86
398036,401211
2005,760
168,201
992,1057
295,79
1021,384
256,193
168,326
2222,1773
329,185
322,687
40,2
5,39
138,545
91,63
1806,2552
1366,1778
850,1472
10,109
733,1026
405,369
124,114
41,113
62,917
150,57
0,0
30,30
106,205
1,173
871,944
477,596
10,2
652,84
3523,3145
2374,5982
145,94
27,7
12,18
55,51
97,14
360,673
219,314
58,34
19,3
228,245
734,184
175,217
283,2503
93,588
164,596
284,229
22,33
174,263
2483,2052
685,158
292,26
275,902
1,1
442,1392
39,15
3,5013
151,90
2705,2955
263,507
86,87
160,163
105,72
2315,2516
42,85
142,147
127,194
258,74
153,220
237,583
454,2563
129,85
364,367
1320,228
487,1146
65,338
270,323
971,3685
279,746
35,43
391,3094
215,376
66,30
51,73
123,104
73,1671
323,392
48,36
185,141
191,176
124,73
64,64
108,256
1396,1048
252,570
553,357
382,243
62,348
1473,1510
1986,1135
164,596
1184,1250
176,217
303,316
3,1
82,227
298,1126
359,537
1710,1556
152,294
8930,10030
1450,1663
45,86
117,120
6,2
6,3
99,41
45,7
306,340
293,143
2992,3303
585,287
900,700
218,339
244,970
399,224
46,5
217,179
20,839
25983,40841
375,124
172,129
654,3564
706,756
3554,7310
256,358
2216,2097
22,967
800,401
40,32
308,1039
243,47
204,675
47,27
66,213
372,50
380,385
930,1220
565,638
1234,821
34431,34249
68,21
989,472
1924,287
0,5
22,640
701,429
1071,6297
101,136
358,259
269,155
7312,6928
1576,3636
335,2778
503,172
0,0
70,241
87,653
941,474
84,64
1869,1377
731,1121
118,848
111,87
1070,1399
1132,989
537,575
1255,1014
990,199
511,347
805,2734
100650,195020
415,465
416,7212
0,1
473,321
355,503
83,175
0,3
103,101
56,8532
222,340
95,2
0,0
4,0
145,170
550,382
1996,356
183,3593
835,854
1007,974
0,0
123,133
63,87
210,269
80,25
372,4376
234,300
405,639
248,172
3,94
188,305
29363,29208
120,37
175,112
608,570
159,146
413,423
188,124
192,35
6029,7463
292,388
180,243
0,117
71,274
40,20
62,36
147,265
53,59
1171,612
2100,3861
570,651
786,527
2148,2314
2358,41
165503,179443
20,671
1524,1241
98,72438
2100,3861
309,546
601,219
1252,610
3179,13978
253,140
178,73
213,217
252,246
394,191
183,255
556,223
277,929
526,320
4,16329
318,577
306,291
73,25
199,21
1986,6834
156,101
478,121
73,25
501,534
0,4
196,197
83,43
197,1069
133,53
163,175
436,497
249,359
1991,1127
661,19061
5,5
5,3
482,38
109,1015
55,1
170,4750
99,150
684,1168
902,2058
579,682
145,132
4044,3574
24,2
225,52
196,193
5,3
161,224
44,40
1675,2542
124,108
78,133
1019,1404
6,5
333,105
318,119
97,94
577,992
627,279
95,112
0,0
318,281
71,63
848,1020
223,28
327,286
1584,1169
611,895
499,184
35,96
226,393
9469,14011
290,6522
296,238
190,448
1474,834
329,202
234,497
5,140
91,2991
70,166
142,100
58,29
0,92
40,12
9289,9456
376,561
702,994
118,32
786,789
5039,7817
270,160
1301,1447
453,296
150,144
505,834
134,40
249,694
190,198
133,342
928,1273
277,737
166,139
114,82
462,242
271,305
522,389
193,198
153,319
1964,551
61,48
319,303
0,0
482,764
725,740
315,315
1323,1671
121,163
60,61
175,21
353,607
0,0
78,75
107,174
502,273
26,14
514,511
486,1012
449,359
135,305
44,22
366,587
375,277
2,1
413,410
53,13
198,500
289,425
231,44
367,39
360,23
179,81
68,51
1361,1451
174,292
41,19
22,21
875,873
396,360
5,0
210,167
533,305
49,2
217,109
92992,111211
204,715
49,1
1146,436
248,402
53781,55218
145,169
30,5
1873,3807
2006,2395
365,456
29,10
363,407
479,655
697,452
89,246
513,490
95,3796
1884,1392
2667,341
199,188
1723,1608
101,71
1206,1098
514,473
5584,5098
373,89
3290,1059
278,375
663,770
22,21
1087,803
44,46
3645,2951
407,523
317,484
164,1847
36842,34773
3318,3336
2016,3424
46,80
286,573
107,133
47,50
408,353
218,306
222,248
2001,1020
94,108
5,5
181,51
21855,25987
791,914
125,1113
108,4331
75,11
5,64
359,772
14,39
346,299
106,34
1046,1156
47,2
265,208
0,0
46,19
382,226
1667,1802
436,229
356,76
1070,428
156,269
6329,7335
29486,38790
243,1061
197,1526
0,10
3,20
185,153
196,124
604,825
66,15
20,25
87,98
167,60
592,456
297,198
109,195
688,583
377,19
333,309
307,224
828,1578
38,65
321,310
201,669
58,12
4810,6262
827,1693
226,275
143,34
76,51
684,747
116,125
321,324
2028,716
206,161
322,351
161,171
91,83
727,745
78,78
1522,1946
78,65
796,387
99,42
351,359
804,5035
119,926
4460,21454
53,46
306,11273
1041,9597
28384,39617
46,19
1236,524
65,70
93,68
28128,32463
231,889
896,1414
6711,7449
574,336
53,13
314,312
316,706
1993,5549
2010,235
37833,72513
556,150
84,3
1245,986
424,379
665,522
396,446
151,3965
119,144
508,1950
849,777
866,895
499,33
291,394
1833,1672
650,8923
514,511
228,33
1715,800
276,234
25,29
239,65018
333,609
14,6
54,39
535,1170
40,111
576,525
93,59
247,1254
220,592
88,54
288,2796
66,161
253,99
857,915
10285,12479
1510,764
9,320
43,83
199,21
73,22
1052,735
930,88
61,60
37,642
97,69
1325,1713
105,88
102,125
993,1073
36,588
218,4542
163,132
75,14
276,662
1957,433
172,78
410,1187
609,364
345,222
1105,646
67,67
175,301
105,36
146,44
118,66
481,494
325,378
237,552
76,75
4624,5139
534,546
123,1
8996,11775
9,3
49,59
556,746
521,588
530,792
502,306
92,170
88,87
106,10
548,539
131,171
611,274
784,1648
1363,1952
589,665
5,27292
0,0
573,399
138,38
408,646
1473,1510
99,111
491,318
31,574
16930,25965
29,25
39,2
312,377
2732,3551
321,126
2005,827
104,1329
274,119
461,732
756,363
196,1183
349,93
12,13
211,262
123,123
7,0
66,95
258,123
96,39
261,143
101,186
2007,1144
93,59
419,309
452,1601
6398,36944
848,1008
291,166
4399,6047
98,623
5599,18362
575,165
410,772
10154,11888
151,855
582,814
110,23
2652,2798
254,68
257,312
334,45
37,97
738,244
614,418
1009,612
249,1115
599,286
378,113
231,246
1674,3240
2811,500
887,1062
317,569
66,49
216,559
479,9334
3963,5629
64,16
375,416
53,71
318,122
146,34853
799,629
64,5
189,60
212,73
5,1
13,2530
10,109
275,1438
191,169
627,212987
1414,1421
507,480
321,418
640,642
115,82896
120,152
14,39
26250,37724
334,1080
292,387
929,628
91,84
1511,217
4480,12780
203,97
152,167
3764,3368
171,865
1743,923
358,676
459,444
371,585
1325,2971
599,323
14,3
187,420
165,147
336,480
22710,23274
132,192
45,3
802,1076
300,519
153,238
253,248
393,1081
159,132
18,20
5695,6483
234,240
78,266
272,151
579,719
112,120
20,10
2026,1013
45,176
668,1105
354,105
196,336
568,1378
897,1530
734,952
90,265
4909,3684
132,234
30,18
174,92
11923,11978
579,614
37,29
209,103
7,6582
459,512
3462,3396
289,799
142,150
1382,992
301,468
2016,518
116,122
190,150
891,22891
524,1136
147,142
794,2277
315,237
4350,4901
293,313
12601,12688
584,495
188,120
47,2
317,175
2036,589
366,487
555,673
1349,828
24,27
198,255
434,395
106,114
898,709
251,166
160,122
602,1171
45,2
12,10
281,189
45,5
1473,1510
60,323
356,3674
217,240
705,747
279,271
40,48
1177,2990
151,452
8,7
574,262
1821,2075
1474,1480
2723,2648
0,45
389,230
960,476
417,471
38,2
2059,1300
1339,873
185,684
654,825
3812,7824
100,422
559,1046
2199,2153
1,260
25,16
407,803
422,267
1099,760
22658,26080
93,232
398,331
217,620
450,198
1261,710
378,239
102,145
1616,139
138,91
452,144
217,30
597,58
297,13859
372,397
675,377
33,22
2027,976
115,312
7,11
279,331
28,26
90,100
463,436
1338,1155
22658,26080
405,573
189,318
124,106
322,152
5,0
56,23
279,276
232,324
281,235
45,137
486,622
403,80
311,549
68,32
2059,1300
466,512
752,1016
179,82
873,1425
1047,6750
239,140
3,6
551,855
96,2262
2990,3158
72,48
2710,2158
50,30
151,38
280,976
98,34
34,17
138,63
406,518
109,119
247,151
229,170
119,49
1961,2273
302,274
137,1602
108,86
219,93
190,189
2987,6421
45,67
645,736
69,55
165,4
61,11
888,4969
247,449
304,184
84,251
115,112
1099,1054
237,337
196,178
197,237
3135,4292
144,160
431,835
753,547
2379,4016
344,947
444,788
21,84
864,468
321,75
4,9
72,106
42,42
368,940
4256,4181
358,461
270,354
269,1385
270,143
167,220
729,765
339,351
438,282
286,464
574,481
458,580
438,353
899,8199
437,401
265,40
72,29
486,289
644,473
40,44
0,0
518,411
254,163
416,301
243,40
2059,1776
177,151
42,35
102,355
2967,13212
4,0
85,39
81,33
236,402
1298,1821
1648,1165
61,1
338,406
6,38
109,72
1413,475
112,48
539,110
616,2325
246,271
120,84
1256,1098
3060,3231
281,289
1591,963
543,728
85,45
37,128
1681,1368
1956,2126
251,190
60,73
283,502
195,163
167,36
425,1014
419,396
495,804
33,54
89,90
2916,4584
254,230
41,46
8,6
354,100
873,611
1600,607
284,190
439,203
18,2
1717,1914
194,120
10477,10400
673,2983
563,375
126,263
516,208
75,30
2813,5702
1063,998
246,465
46,25
16068,16080
192,294
4026,5257
450,289
1456,369
906,589
231,157
40,47
367,431
2602,2360
126554,151949
474,1475
596,155
2243,1781
315,37
55,267
58,60
537,592
284,71
168,302
1070,446
1491,911
357,178
113,118
343,929
233,807
240,491
3603,3214
163,159
505,7132
184,154
351,359
86,314
110,111
9169,9338
337,284
223,234
190,528
376,514
4,33
18,1231
507,324
470,177
153,131
399,556
249,148
169,149
379,589
361,291
130,132
97,364
174,0
617,7090
193,186
207,163
419,409
281,303
277,347
178,181
1652,682
492,412
443,705
9168,17800
1015,1184
415,287
574,1800
450,1342
173,255
598,114
3119,3126
119,810
512,631
34,139
243,82
562,733
1013,1425
31,502
327,719
215,5862
236,331
154,83
64,20
5,25
98,82
1501,2900
414,991
882,1044
4491,4157
480,20266
67,15384
106,100
490,205
57,28
355,419
636,487
455,221
752,1132
1145,181
57,180
287,259
258,809
142,59
102,256
1313,1869
430,584
2219,2210
254,494
225,219
186,207
61,22
172,37
27,27
6,119
135,106
80,40
506,894
133,54
101,3881
356,27
1088,477
119,421
325,2611
88,400
273,543
26,25
63,37
517,419
651,534
68,428
95,39
0,9
421,193
129,6096
486,244
40,8
301,364
472,977
36,195
1152,595
1530,2653
3589,4040
135,653
320,230
9908,10162
977,1373
62,186
711,444
535,777
240,265
8,0
4965,4303
385,294
38,73
85,117
576,241
228,287
171,218
769,1090
300,217
823,557
39,51
476,564
10,56
217,4326
1,58
73,76
951,251
46,409
269,255
1866,3070
659,128
1262,743
144,75
2724,1330
309,331
469,726
998,1245
410,418
462,2323
211,249
800,401
276,49
851,1763
537,25
564,650
24,1
90,266
389,110
253,221
24,117
1061,1197
1950,2063
2062,1593
443,750
358,165
4661,6105
420,197
143,121
1424,1342
2161,1533
797,937
290,1411
1000,1120
2160,1197
988,5393
248,234
46,19
1307,679
479,399
89,116
418,349
1223,416
19,20
430,3
67,122
35,61
205,162
118,46
297,256
50,21
4279,4620
384,346
153,186
14544,22454
363,330
291,119
488,367
429,233
312,317
6124,17185
960,881
21448,29765
8228,9253
31,194
586,579
173,66
715,895
541,399
951,977
873,88
263,87
181,130
616,2325
1410,1422
95,41
255,1271
263,169
950,737
497,1688
447,432
429,315
575,617
566,129
459,242
3736,3685
7151,13254
6,0
10426,11364
80,195
92,3667
148,199
193,9526
50823,51215
274,247
3,3
15,1856
225,54
1890,725
134,99
939,396
204,623
4051,6320
78,78
299,364
1386,1763
262,355
296,2194
252,419
559,4465
74,74
356,323
5,3
237,242
1961,3310
128,208
0,1
281,672
1073,596
737,637
42,13
34,55
262,260
486,294
422,422
137,1502
541,316
41686,38027
650,133
1739,582
37,133
487,1084
0,9
11,8
286,15341
351,609
823,1200
94,20
3683,3485
963,4755
266,3992
398,243
5,5
5,3
26,40
473,854
33,491
327,552
257,780
417,440
1256,997
81,680
99,83
14,7
53,13
326,251
134,1323
199,144
26,30
289,35
50,22
360,370
54,363
292,169
163,283
40,73
237,705
457,4562
336,376
80,25
87,43
1564,5342
506,1174
18,18
352,595
87,6374
538,603
216,160
456,405
155,237
54,124
847,908
1271,1857
1398,332
8,32
384,387
91,103
182,819
341,175
12,7
419,468
60,915
744,602
2942,2661
595,143
1179,6043
267,410
34,48
220,325
127,330
441,217
155,49
76,42
1059,898
842,859
146,996
637,828
891,537
313,187
208,72
315,388
422,348
361,231
763,76
395,332
230,42
15,29
123,120
2008,529
861,374
186,137
523,741
675,661
189,13151
125,2067
185,237
449,204
1670,1283
40,3
220,26
2,9
144,147
229,295
1492,1952
177,151
236,265
766,823
2624,2478
137,515
416,7
5107,6008
313,103
164,137
216,184
16,1
2497,9367
46,19
622,615
47,59
287,1691
133,167
116,74
1627,1712
243,873
131,31
622,615
108,15
1,2
412,58
334,279
117,28
1007,869
436,244
267,47
248,802
269,179
36,28
42,28
2507,2129
105,145
671,888
283,502
2310,542
113,180
696,712
14,6
101,118
254,279
123,4396
988,321
215,16
211,55
132,124
158,119
96,4613
507,694
718,282
144,49
410,449
11842,13247
324,217
116,107
271,131
885,6628
731,353
6,0
583,471
220,166
649,804
361,208
39,1
240,290
2731,3373
413,106
242,584
1358,1346
498,384
358,388
619,242
387,386
78,111
87,68
134,198
228,128
301,842
182,175
863,432
458,97
5002,1782
4,9
733,397
30080,44083
258,373
1362,6515
269,116
170,869
665,1338
10,227
551,294
0,18
290,116
404,690
719,4198
180,185
201,119
323,1218
70,505
5,1
174,486
597,814
145,131
0,273
800,937
313,593
203,87
230,265
2498,2248
1668,169
595,394
263,8
373,547
656,73540
63,5
342,355
456,462
289,324
39,41
89,11
33,26
1574,500
14,241
42,60
46,16
1348,815
735,183
475,124
310,367
23656,28103
85,599
101,40
360,54
2068,1478
104,108
2264,918
971,1913
825,1512
239,290
6,119
255,3
342,308
1191,991
20,20
298,49
17,5
976,1292
2003,1027
332,80
393,890
1029,1054
198,1747
215,113
0,0
35,5
1114,457
824,6045
658,1399
234,293
1394,294
305,284
5919,5938
272,319
706,823
454,206
136,224
114,713
2905,2855
98,173
47,64
20,6004
1005,507
327,172
39,341
151,164
53,249
451,2180
2110,2386
1436,792
210,133
155,363
1660,1104
77,46
3560,285723
130,49
580,920
5,3
330,390
82,139
333,269
11,10
103,12
346,272
322,1015
338,4037
262,1441
927,323
738,224
955,266
132,124
864,846
199,151
110,125
145,89
811,316
85,10
621,250
40,39
57,559
427,517
525,569
94,197
513,1219
158,100
1763,926
61,21
1405,691
136,109
149,93
22,21
1931,206
1,0
53346,69392
155,43
55,31
1276,1265
36,575
1873,1302
206,68
677,745
75,186
150,111
1986,6834
210,256
4,1
1190,1043
1323,1605
136,246
269,384
1457,1455
747,4357
131,50
367,379
5,6
487,445
899,4735
377,166
150,48
15,17
43,36
6842,6785
131,10
454,383
1994,2033
922,959
223,703
261,148
378,147
1071,1084
80,195
4278,2363
96,19
87,84
244,61
104,30
10723,20785
292,189
491,199
352,68
3462,3396
537,592
40,209
1659,1645
11398,15342
172,127
1079,1388
44,161
507,8
266,393
382,303
311,548
69,77
244,372
158,236
453,1493
254,287
217,126
18649,27587
626,12256
563,717
259,2354
327,362
117,111
289,320
3832,4039
282,1015
900,935
2407,1826
519,564
181,275
789,216
92,26
437,456
5502,5694
12,22
535,486
480,479
31,82
604,626
158,275
54,104
125,240
211,347
82,32269
274,279
307,285
649,843
221,56
181,8
213,34
18,6
323,284
115,24
281,64
159,423
17,7
380,310
654,662
271,25
992,738
1421,997
598,1460
823,666
1888,594
205,252
157,291
217,67
772,1061
202,36
18528,36461
1431,1537
88,33
58,149
40,7
57,6
2033,582
1641,1073
215,37
266,143
93,864
218,158
59,96
19,14
551,838
838,1374
306,328
64,58
579,51
410,453
939,976
677,681
0,0
61,8
578,279
3,2
366,286
659,3215
19390,28900
7,4
1,1295
26,1
0,4
960,29351
49,35
0,218
9,6
263,528
1334,5652
150,157
188,168
389,92
181,250
111,159
343,902
142,56
14,3
403,358
48,141
691,1367
262,46
605,690
1356,1149
53,8
512,494
2131,1703
359,166
63,4
205,1153
18,7
90,65
8,10174
1889,1444
462,965
1111,773
32040,38325
601,208
0,6
858,739
457,589
320,630
720,115
97,34
351,474
722,719
1,3
471,6406
486,3312
45,83
787,880
129,192
71,538
677,632
222,2631
184,681
150,104
203,190
263,849
364,716
767,1156
201,168
194,362
58,0
1307,907
97,113
275,625
973,1382
317,233
779,139
151,64
139,34
600,1051
1410,970
417,662
171,162
169,36
3418,4705
211,160
263,380
430,3081
4276,5343
128,52
5,67
24,2
46,20
497,58
20,4
271,780
148,164
32,31
74,16
825,1062
1054,5955
279,80730
1409,2888
195,152
1048,6201
94,55
288,534
489,306
797,989
0,7
152,147
174,110
123,729
195,26
267,154
280,150
173,180
165,263
39670,116285
171,53
378,11911
221,299
202,161
147,13668
568,582
314,119
583,866
905,897
5,507
218,321
252,35
58,373
27,808
1977,313
199,158
155,195
27,13
1864,3124
1009,464
245,142
2016,2940
399,459
390,68
143,146
238,1110
2372,4510
252,300
162,128
599,664
121,96
17894,18721
2193,612
93,431
224,43
173,180
105,37
145,19
5,86
399,208
545,1186
538,50
229,224
1139,1487
456,543
4,3
2030,3575
635,901
1021,571
363,402
6648,8062
1686,1778
283,401
3,14
309,568
369,512
5,1
151,103
6089,8033
223,146
1188,64
154,148
1196,252
4434,3609
159,301
707,497
181,170
1723,1873
450,392
221,231
150,128
48,689871
299,271
889,4197
1131,88306
1211,1045
106,113
27,14
275,76
291,1244
82,118
39824,48175
568,666
2346,3078
560,630
386,98
967,1123
316,382
803,668
202,134
429,1399
620,575
427,500
775,884
254,89
14,6
597,147
224,527
122,120
389,282
4026,5257
2497,2481
122,18
566,4201
1414,1511
139,82
140,78
1170,534
83,74
874,1428
216,1894
960,1436
138,197
1161,721
378,462
564,2444
33055,137520
5524,5543
55,56
98,48
1959,2287
907,1490
85,127
303,427
516,1230
159,43
72,717
1443,2212
393,1475
26,39
34,27
64,121
3,218
69,110
139,639
922,861
7,6
4201,4684
106,81
48,180
1343,545
338,571
132,2236
123,117
50,40
86,61
287,82
236,249
2957,12454
0,18
736,1616
96,19
223,278
160,5159
110,87
390,324
19,27
2,3
283,840
139,267
66,215
222,2181
907,555
238,278
126,70
86,9
1852,723
233,256
813,1667
986,1303
51803,55434
186,406
508,86
238,929
37,48
376,404
160,74
303,508
3458,3574
25,85
117,76
170,405
103,415
563,692
676,866
49,6
341,1076
1852,723
800,330
2367,2155
401,35
0,113
32,7
2130,2550
156,424
1142,1219
2135,2086
265,420
184,3902
5,11
141,119
0,1044
98,65
170471,212302
210,166
3864,3891
38,51
601,822
105,78
5179,5478
27,26
101,119
146,120
74,14
6548,9942
1782,2184
145,174
1,0
119,266
1388,1013
11,18
88,537
66,278
231,508
471,948
984,1701
0,0
527,735
289,271
497,229
432,472
98,80
84,567
48,48
75,134
346,246
121,119
21,3402
695,771
48,12
2968,1441
3,3
13,29
770,364
0,25
404,424
133,97
729,795
508,407
744,7765
62,127
257,311
541,736
0,0
398,302
602,670
1537,1445
2025,2092
119,81
9,65
593,392
556,593
286,76
152,333
370,2390
198,1789
602,704
420,165
423,177
236,218
507,1026
627,585
186,92
377,339
4517,2671
696,1170
1,15
49,8
161,202
167,35598
259,261
314,268
3426,3430
300,126
2890,19295
206,109
521,535
100,13
40,88
1567,1876
111,150
556,696
201,43
138,4255
385,360
232,3579
1450,1450
5758,92875
13,51
404,518
363,362
379,418
238,144
1463,1551
11,9
53,27
263,102
157,180
239,341
1003,474
2148,2026
10,6
144,139
2,20
148,209
340,264
713,475
31,31
115,146
808,882
301,83
312,234
281,369
432,373
307,110
73,107
15,374124
646,158
1839,1066
442,393
996,248
357,625
526,136
26,12
661,141
118,171
470,115
337,863
623,655
1986,1965
36,50
1093,1350
156,57
160,53
0,11
87,63
143,153
161,110
6174,6261
105,163
384,423
1781,149
700,280
28,35
1115,1229
85,82
0,3
120,12
344,84
116,375
268,241
0,0
5,3
589,558
41238,38199
23,2
490,1543
55,16
96,62
946,431
223,275
2,0
933,1778
798,13643
374,99
264,1915
102,9
338,509
33,55
160,168
146,192
3053,8104
443,687
3,1
431,174
156,51
2029,3374
29,515
11,7
551,638
4872,6565
294,374
4309,7790
211,280
1161,567
195,31
2118,860
614,784
486,166
198,123
121,116
7,2079
167,179
1168,1456
59,18
36,2679
536,371
974,1344
597,593
1694,1245
394,170
194,140
356,347
56,433
419,489
246,1285
2,228
1596,1003
494,808
2,2481
5492,6580
88,11
234,276
7,4
153,67
111,56
508,4728
224,499
49,160
1541,3134
393,741
233,470
89,133
303,3655
297,300
2786,2710
72,19
152,487
199,45
95,31
215,219
301,82
109,538
359,423
84,1063
1264,1471
276,446
1477,2815
1,0
92,44
44,124
360,518
1558,1850
228,99
22,18
70,77
9,6
544,159
131,193
203,224
460,1183
24,7
22114,35570
99,71
397,33
60,355
198,231
442,278
802,2292
498,379
8274,11824
141,40
20,31
918,12892
115,138
429,10739
371,626
432,230
270,54
910,1122
618,667
1989,1231
282,406
135,113
845,900
107,107
71,30
431,951
311,370
76,80
55,57
1344,1303
641,111
505,108
52,12
643,530
219,1
40,68
209,596
2,1
223,4
804,418
208,72
140,17
376,233
294,203
3184,2391
107,24
3101,5132
455,675
468,949
690,559
953,556
698,301
53,10
83,37
332,230
1131,88306
367,1269
427,275
88214,92612
16,4548
564,427
754,444
68,9
334,297
75,24
203,234
181,636
321,382
7,2079
42,43
180,439
40,47
2059,1800
4152,5384
81,97
136,131
23,0
372,276
333,890
95,335
206,427
104,107
304,554
1561,1883
708,2852
362,190
634,1108
469,587
1029,1362
310,920
1423,2710
355,191
6668,6292
267,348
187,402
878,860
3507,2804
701,728
167,41
360,219
1139,831
130,219
87,40
893,230
65,29
27,57
231,112
15,28
540,3375
907,777
81,101
147,130
35,37
130,160
2731,3146
481,653
13457,14439
592,318
138,1506
793,1620
663,663
1103,321
16,686
825,1584
144,128
0,0
1718,991
2003,443
91,66
554,7346
1129,1225
4,322
7,9120
294,1131
75,341
528,1133
2030,977
278,216
0,8
208,55
1794,751
248,379
1196,336
102,47
2100,3861
1071,275
278,438
44759,155738
528,84
0,1
110,128
72,128
413,307
120,152
102,207
86,11
283,323
10,267
23,13
1655,1965
281,182
180,91
114,172
2219,2396
6,0
211,344
594,1040
201,194
21,14
375,331
86,77
156,181
1066,129
161,36
2357,1283
14,1
740,767
194,781
98,98
283,191
1890,1093
145,51
50823,51215
505,26
535,474
94,96
196,37
776,706
154,64
2001,1525
108,135
170,63
8291,8263
264,179
13,17
298,2088
263,890
2031,1724
1644,2523
394,164
1327,543
0,1463710
19,131
182,383
241,324
42,38
446,297
93,44
70,74
421,555
64,51
361,1060
676,693
63,267
475,312
168,159
278,3072
164,157
247,151
1869,2029
12,12
2232,2233
65,3
1030,1206
679,324
740,615
320,659
623,769
653,2923
2010,1987
198,294
45,3
114,304
289,309
1349,747
284,130
595,375
406,599
153,81
46,30
11,0
128,32
83,55
164,1378
12,10
182,154
164,172
2646,2950
308,5793
315,340
146,177
1877,1954
159,290
1412,657
581,575
7,1
186,40
14,367
90,76
303,258
21,14
125,148
94,92
1791,2305
949,1469
31,29
263,1179
431,382
124,27
839,1038
87,92
1243,2458
416,329
285,118
253,250
1472,951
198,201
278,283
368,737
350,631
573,5838
328,848
22,6
1980,1148
278,231
140,204
542,224
2447,6719
591,342
51,544
0,0
713,670
449,204
5,3
5,3
848,789
865,146
381,118
40,64
105,59969
337,414
553,359
338,187
502,289
294,365
658,550
5,6
1163,1367
441,318
29,27
1142,215
1623,643
92,83
491,759
1892,911
0,170
1257,2879
313,134
5,3
236,180
5,6
70,78
72,103
77,26750
159,46
46,63
339,523
572,1203
543,1527
76,62
111,97
18793,19574
1333,1516
223,206
386,244
161,28
421,45
320,176
613,1637
865,1358
4,42
202,163
96,161
238,250
1022,934
2244,2203
273,120
40,17
87,59
229,103
1310,430
476,564
0,3
220,440
0,46
400,377
480,892
1993,1895
194,862
1890,725
252,296
255,262
422,197
61,0
2137,2039
328,352
719,754
41,8
219,225
281,442
283,188
2511,2666
4,299
413,234
164,230
2042,2000
1844,442
199,7032
1,0
185,41
617,684
92,44
271,258
1672,1714
122,1122
3693,3768
160,169
231,362
346,584
609,633
1896,295
411,165887
508,363
1366,570
661,732
243,153
181,387
240,107
117,78
228,515
7489,7209
135,113
117,220
38,28
614,51909
1310,430
777,249
280,416
189,301
670,728
365,290
2109,655
420,807
655,147
614,1212
1856,2243
1370,1637
1757,583
150,60
281,181
157,2159
40,1097
748,979
1844,442
349,12
149,9
7,13
189,78
147,752
617,498
387,1203
434,284
69,65
170,8
132,140
67,902
37,29
85,52
1073,343
404,363
196,988
399,472
32,710
811,258
394,849
390,340
832,267
416,471
254,247
387,1722
71,274
254,346
286,143
169,14
364,288
316,314
1220,534
643,960
61,199
1171,1315
91,77
77,44
444,531
441,429
75,7
1426,296
575,1336
259,1331
311,77
100,82
152,487
152,394
170,10
748,4676
305,31
2570,2279
128,4
1928,1995
984,560
512,132
81,53
295,792
133,139
1210,12530
12,12451
634,260
260,154
198,55
295,311
225,155
65,236
70,181
649,812
246,250
76,61
663,427
343,249
199,440
73,57
108,136
406,18
596,703
73,24
358,26377
645,63
612,67
1039,1625
331,45
227,964
506,245
146,178
143,520
2691,479
158,149
153,2119
90,2088
122,6110
4753,4924
894,2462
97,1341
90,51
2,1
50,92
1913,2774
471,588
401,519
18,112421
0,2
235,1295
176,549
14,37
2227,2032
238,151
1321,1569
84,163
263,521
2199,2267
176,549
318,186
498,535
79,153
230,6106
295,79
952,2130
61,226
452,539
1825,2748
172,83
107,226
1635,744
329,316
310,382
1407,1528
1983,2164
741,546
304,389
292,500
261,414
20,26
3,2
3271,4149
672,775
696,686
5,3
904,31
99,397
988,280
476,1747
1195,731
0,34
641,688
257,250
425,78
13,2
176,69
547,675
51,19
15,11
186,50
682,379
94,60
1,33
445,817
4618,4354
359,152
331,198
181,204
170,2564
180,68
51,0
463,496
1826,2847
167,204
5,335
471,1464
1848,1694
79,79
896,675
471,494
151,9
1091,1437
85,119
181,89
71,7
1011,1292
9,320
1991,1679
287,172
724,1253
304,263
248,360
573,94
2603,3789
161,28
83,65
471,61
236,149
230,219
316,375
1269,313
2075,1291
543,648
34,38
713,1997
220,2370
163,199
17,17
113,110
1370,605
4517,2671
749,245
0,2
182,2011619
722,2617
262,1103
443,700
993,410
119,46
37,354436
1628,779
1,78
65,46
2613,6782
100920,104854
377,694
0,2
196,117
297,256
157,151
35,289
125,375
196,117
39,2
16,5
317,332
1515,1576
2733,719
4398,5106
79,46
545,463
249,1035
1845,550
288,615
1776,1327
6,0
205,113
48,4
98,98
40,64
547,702
1431,1342
44,3
168,37
741,779
761,1348
60,55
1351,1317
63,52
0,1308
91,36
279,624
2017,1702
159,197
201,194
230,329
641,589
351,559
118,37
46,55
194,266
15,2
304,352
6725,19245
46,17
574,1164
2972,3264
0,0
257,324
97,7
738,373
82,13
285,1164
71,74
329,586
72,60
211,156
746,270
566,4201
329,237
3711,4413
14,4
1996,885
181,156
209,266
2312,2081
132,219
1301,1082
70,55
129,606
200,384
427,127
596,2012
493,334
44835,112724
818,798
242,250
183,248
1307,4214
305,273
3,1023
316,231
803,289
85,16
6322,10356
169,180
65,20
1463,1551
151,173
108,4306
221,1016
1817,936
496,633
165,240
280,208
33055,137520
1685,1723
94,1810
503,506
402,174
439,90
157,155
563,1287
984,1447
1817,1222
3,1
684,344
33,54
48,258
783,773
167,283
1127,1105
1211,288
83,71
1333,925
100,168
1372,566
467,698
16,3292
22,0
35,26
94,57
1059,918
1746,1283
460,931
1514,640
494,578
28,25
417,766
5,2
288,357
1961,2050
122,143
31,18
487,323
231,389
95,10252
330,269
551,1050
395,840
66,71
56,37
163,166
648,452
1225,391
154,207
408,455
382,163
195,226
363,379
4167,10788
131,33
41,39
59,114
173,168
1575,2867
569,140
455,250
162,367
25,737
307,518
349,437
27,28
2609,2198
779,5941
535,949
94,86
511,404
807,917
453,717
3453,3637
269,158
140,143
160,83
329,340
388,435
199,76
89,92
40,1097
438,425
257,298
2,3
379,391
2212,1725
496,533
293,642
391,688
1610,1540
160,180
110,121
233,168
365,2848
714,449
476,734
40,51
350,494
4559,3178
590,854
0,4
5313,6817
453,6324
51,70
97,349
2956,3052
121,31
13,40
167,155
48,26889
504,3259
1129,606
240,361
159,202
279,314
632,65
1570,1128
975,1296
512,398
1230,1396
303,668
56,65
868,861
300,432
50,2
228,232
393,253
110,89
176,48
2184,1793
1073,1571
253,184
795,179
238,215
61,28
367,114
1054,697
11,14
954,1075
441,214
123,112
160,157
403,311
559,611
143,122
599,430
2412,3572
269,61
64,2
281,291
244,766
1113,151
925,301
190,274
38,23
886,359
338,380
1186,1247
1055,528
144,551
4,1
413,554
175,362
782,460
188,222
322,415
790,1852
77,61
177,3396
555,729
1103,513
144,212
436,708
1136,283
472,444
337,512
237,298
186,68
7238,7737
332,210
776,827
524,2424
66,120
174,93
748,383
225,573
295,299
4,6
226,139
266,206
130,96
4,2
689,520
13,41
76,70
335,455
2124,1968
615,247
2947,1131
0,1
198,202
463,1180
405,249
259,90
9,0
0,0
244,147
87,84
40,4
213,203
1168,2153
1652,477
115,125
370,250
41,7
1305,1519
499,560
399,324
184,54
811,358
571,109
551,124
75,35
371,1467
3255,3532
357,228
250,224
66,78
216,78
1248,1257
215,495
326,237
865,1754
206,180
429,2017
193,44
289,328
379,420
240,225
92,428
633,849
1836,542
73,4
773,270
584,672
791,711
13969,15708
434,180
2249,2156
1410,4623
505,315
2142,2420
314,432
127,160
243,313
222,227
129,151
45,19
1503,2179
827,739
3965,14137
261,261
379,443
1016,867
934,409
43,121
514,482
211,245
197,91
280,68
74,150
65,69
237,514
161,130
87,170
527,8394
345,623
431,910
860,26459
1188,1669
163,185
241,210
135,136
115,169
56,79
1,217
49,21
628,667
106,113
860,224
41,53
276,134
41,12
255,114
1988,422
3263,5365
65,8
567,2397
20,0
75,80
123,253
3406,7580
3756,3740
536,303
2513,2138
4173,4411
0,0
179,5840
40,61
77,5
862,1169
212,900
27,984
1013,705
5300,5808
778,1286
1372,305
1825,558
569,201
170,2564
151,594
1894,1735
189,168
377,1836
166,19
98,142
99,70
185,216
114,84
160,163
367,194
44,15
18,67
122,26
84,118
526,769
418,132
1334,1371
831,1037
1858,1690
675,845
248,613
41,20
262,9433
259,274
1280,7399
4683,4600
21,14
80,80
392,565
672,345
486,294
293,315
286,337
66,21
256,1677
24,0
200,314
385,299
254,151
1032,1348
259,156
25,8
2,1
23,57
4949,5548
12,5778
321,853
6467,12324
140,128
323,755
4,3
94805,137236
778,2468
68,75
442,1180
637,257
56,2022
2353,2227
109271,106085
2051,1838
582,1219
530,554
1425,1217
146,312
1188,798
99,89
168,346
16,4
1759,1052
39,4
196,88
801,928
997,1060
498,389
829,2021
2011,816
579,219
616,846
39,97
2227,458
298,307
193,2361
509,5775
40,56
782,729
58,26
5,1
123,78
89,55946
201,97
455,601
249,153
198,28
111,105
109,87
9,1
395,219
340,346
2488,2520
370,42
247,225
975,1622
450,515
601,208
116,145
80,245
403,295
122,40
3024,5651
200,252
0,0
142,753
0,120162
230,194
1964,1433
88,7986
456,152
103,99
459,394
104,80
48,71
121,136
5001,586
0,39
3545,4599
122,50
166,168
17,6
52,188
1215,1071
101,67
456,149
888,2145
1258,1516
255,509
1996,466
899,2139
1023,91
270,635
1376,5461
76,49
306,219
109,721
4278,3970
1741,1302
1033,1319
666,168
160,248
17136,20868
964,84
202,122
44,5862
421,756
86,30
317,1844
1732,820
317,329
58,1
2515,3281
54,34
423,413
81,65
61,895
132,21
118,47
780,489
307,153
374,309
169,136
61,81
274,276
1227,777
461,523
8,8
333,333
70,195
71,87
203,241
235,197
213,218
13546,54005
727,733
101,111
107,221
308,92
292,270
92,38
133,196
621,177
419,434
87,0
389,515
781,1308
51,68
1362,924
1184,1185
50,2
1054,1080
225,14093
44,12
570,379
13613,13937
6,150
38,34
1,0
111,219
810,269
349,314
507,1591
581,1355
165,81
1415,889
959,59
197,182
823,883
402,154
261,27
903,135
12,8
535,1227
242,134
227,196
352,679
281,216
110,31
163,183
300,59
539,402
46,7
98,79
249,149
269,209
2757,2951
640,902
962,825
1895,525
235,87
113,4069
316,72
723,739
424,762
146,40
2062,2286
7,225
1895,888
713,732
0,3
155,437
2386,2243
919,55
134,586
428,1157
153,116
0,0
209,25
262,775
279,605
180,197
272,343
747,2965
1186,1247
31838,37446
87,14
1185,1095
3,28
25186,31952
298,308
40,901
333,129344
608,2386
245,7
1,554
278,134
63730,62166
0,0
285,344
650,64
313,310
29,29
284,413
145,219
3053,4581
214,228
1375,104
410,3476
200,552
54,39
1049,1432
553,660
81,9
54,90
409,449
205,23
461,480
85,126
331,281
276,293
83,11
5564,7732
2064,1092
8530,8146
4189,5514
0,5
330,36
1511,1593
788,432
0,1
8470,8809
62,30
144,142
171,126
1985,2988
371,596
204933,532487
95,377
374,385
67,254
2447,1732
37,50
865,697
195,194
194,35
1107,721
146,156
55,40
115,142
400,166
321,119
416,411
18,6
141,9
77,77
369,1771
1729,7152
213,69
604,195
1533,21
256,266
308,343
67,49
286,197
1995,347
217,334
272,116
254,128
365,54
253,106
103,757
661,411
1220,85961
944,1089
320,247
993,370
114,15
283,882
60,63
43,13
36,29
54,369
801,724
0,82
593,12876
3682,5208
1094,1586
529,532
90,122
1659,524
280,177
549,398
488,1480
224,210
938,228
45,81
186,29
341,2877
207,344
605,753
542,14172
247,195
272,285
106,102
166,273
131,119
4030,5602
1117,254095
105,119
2,0
309,168
8925,9064
253,629
43,67
92,1
199,582
0,1
388,83
388,1123
3549,5833
42,356
1946,2910
1035,277
255,340
621,815
715,2112
2293,2106
166,233
100,660
201,173
240,297
1394,2162
692,513
196,1487
187,202
0,11
251,143
57,48
29,34
189,122
84,38
0,0
583,679
538,363
118,26
88,82
37,6
57,1
760,1277
38,17
234,419
488,818
57,34
401,178
2142,905
320,190
2099,1400
137,318
105,215
0,0
82,66
139,287
643,812
56,1
87,101
670,65
189,606
198,858
57,1
143,182
161,182
370,562
249,353
38,60
180,648
0,0
11,10
87,27
218,126
1,2
2093,639
2084,1342
284,249
43,2369
159,242
227,125
509,685
101,110
148,990
2142,905
173,217
100,113
169,236
323,421
387,451
1988,422
391,201
4987,6502
2105,1450
1957,769
872,1165
260,279
24,3
463,125
174,45
803,567
966,580
558,615
385,156
1298,1245
85,5
970,160
1088,1220
754,1849
6760,7333
281,259
187,342
97,1143
779,501
1049,955
227,463
549,466
902,1518
212,239
10180,60939
3976,3910
1070,3191
1948,3858
297,441
138,120
14063,45987
191,79
2980,3189
370,512
75,34
406,718
96,47
384,284
813,700
302,52
84,67
466,181
631,820
207,9524
319,506
815,783
1902,535
838,648
860,326
26,113
952,138
663,151
244,951
39,10
816,1375
187,396
133,81
2119,2457
522,226
509,41
125,84
1524,1915
125,23
192,1054
622,234
498,774
476964,477580
51,73
201,59
356,432
48,8
1432,1481
2833,3622
395,424
8079,22171
19,202
218,66
189,492
307,37
521,352
261,242
786,384
639,490
814,761
107,371
97,2999
326,108
1037,10182
375,610
2544,1429
125,302
50886,59380
112186,302478
1325,757
692,665
467,791
991,2494
267,198
990,951
142,142
1038,1435
6478,7431
24,21
172,93
349,507
469,710
4007,6215
1195,1153
881,1033
1984,816
339,97
257,251
42,497
415,456
303,337
370,513
9,351
218,266
3162,5372
189,399
2032,1762
938,1236
280,315
193,23
204933,532487
398,574
35,27
308,282
373,24
53,61
1102,121
64,0
1041,1248
199,586
960,1599
7305,7634
838,6955
115,108
751,391
1184,1156
232,53
196,439
59,60
59,0
38,302
609,18608
43,59
133,118
450,490
32,33
1,4
396,470
159,227
591,916
90,39
64,0
4264,1726
141,118
161,70
68,67
1999,1710
53,302
32,19
87,4
626,1019
10935,12172
6197,6495
1308,1684
10048,10325
102,58
2732,2769
57,59
18926,76262
79591,81548
37158,61211
2545,4080
407,663
1800,1268
933,1000
376,50
41,5
93,13
410,281
205,272
908,1238
17256,73693
328,143
272,1350
1752,5006
93,126
185,227
1199,1050
832,810
217,93
37154,100123
571,924
0,0
247,631
128,138
1873,1579
102,562
34,21
38,17
253,1139
11232,3252132
145,151
124,147
298,19
418,498
62,1
529,195
1862,1312
15,6
5888,5693
4339,5324
87,89
1282,586
62,203
45,46
51,1
462,143
57,1
69,2
408,909
401,916
1692,1552
1177,698
43,0
2043,2393
237,729
2061,1813
205,438
56,1
200,189
116,124
960,884
180,262
26,53
528,539
1789,2185
247,267
41,1
538,14066
779,5940
159,204
50,20
2883,2862
3335,3894
153,22
2706,2697
8,1
248,324
184,1394
41,6
193,226
11,568
180,262
483,2120
18,6
207,237
689,449
1817,2012
1419,1355
4,3
318,496
800,732
189,243
29,4
154,164
254,125
51,5660
1980,1354
467,527
12,12
45,4
470,1159
5,5
1258,1517
19,0
46,2
581,1217
16,16
2907,3913
7,3
1428,4478
152,172
956,432
741,1037
396,30
6962,8379
282,349
198,437
257,442
274,193
238,848
82,91
132,519
199,849
58,2566
1394,498
831,116
239,178
653,139
227,419
165,848
139,148
543,2233
216,1026
112,89
67041,142969
253,82
570,3815
0,8
614,51909
867,1224
63,36
131,69
1624,1459
66,311
198,74
228,683
1385,585
403,12705
523,156
569,201
5859,74802
322,343
167,1036
104,79
218,15
95,94
42212,43995
235,182
2090,918
938,1275
143,157
510,192
186,235
6000,5735
2001,96
578,961
30,35
76,15
1025,506
434,1333
1,1135
115,129
360,263
12480,55769
608,181
209,94
157,90
23,19
900,2283
116,411
641,160
891,1832
37,11
626,3900
577,900
258,1156
682,579
259,173
738,1950
469,636
3871,2953
139,57
168,1371
68,66
5,29
2752,16315
65,48
671,991
96,20
506,16141
183,38
66,70
527,4561
65,580
1799,1563
80,67
35,236
1742,4454
227,544
828,3676
205,4594
176,179
2448,5961
256,183
468,427
835,1032
175,309
159,138
516,483
138,126
763,1406
83,53
302,252
1989,3837
47,49
8,10
305,151
913,1053
260,47429
152,79158
15,13
250,226
127,528
1775,1693
175,1407
1063,554
681,326
170,319
1395,127
1473,1634
697,1961
201,105
2354,2123
136,46
497,1102
4,3
941,1771
1164,2187
355,441
268,333
656,706
887,6355
2274,1472
7347,18601
285,203
29,89
1373,1583
155,128
810,275
9239,10543
327,495
40,188
53,288
465,179
434,475
17,0
162,163
278,218
671,663
44,32
1362,2023
17,24
250,252
399,1517
214,1
4022,5136
159,514
818,1751
246,190
30,29
5517,20489
542,1620
372,232
443,450
1120,561
33,28
17,68
9010,8516
103,202
74,77
122,129
8576,12529
1456,2072
1532,2420
0,6
798,907
550,391
1905,960
994,1209
304,1054
169,235
323,353
206,164
2539,6008
728,619
2062,1096
1030,1244
592,1249
23,0
2506,2410
452,217
695,243
202,240
3553,6501
36,156
131,84
270,32
753,449
922,563
1748,2888
2,14
798,6522
331,276
307,149
23,26
266,301
35,35
12190,16378
438,7302
160,228
764,1523
43,218
5,5
152,108
149,11
0,1
275,139
44,9
501,517
481,723
12468,21012
361,387
126,145
137,108
22683,26816
502,427
1736,5865
32143,31909
1519,3319
180,254
428,432
56,32
384,1681
386,421
245,207
194,144
145,150
401,446
1451,2064
1540,1859
396,1033
380,167
623,109
559,304
90,30
267,217
75,1
408,435
237,243
1375,665
19236,21721
40,39
73,100
262,244
85,453
1050,719
11833,13885
585,451
2384,899
302,174
228,303
555,434
36,30
461,656
1967,1014
496,2803
1483,967
1854,509
97,230
0,241
206,234
569,659
310,360
1827,1442
33215,33644
121,89
262,298
606,661
148,93
18,10
425,275
61,4560
278,262
174,479
2001,464
1082,542
21,36
173,123
3,0
177,209
109,334
838,368
2025,616
149,793
167,709
287,712
107,24
419,206
201,167
37,53
257,219
2674,2970
110,120
1005,507
616,1612
72,313
1349,994
169,525
122,118
1453,1235
880,15
531,780
493,537
103,43
72,72
150,80
161,71
324,280
567,238
52,24
63,21
313,510
505,347
523,369
31,1
812,646
1958,1150
101,41
11083,11935
385,589
388,401
16456,14963
385,505
272,308
303,106
1119,11195
1731,1428
83,165
264,147
128,156
5146,24691
978,999
179,75
330,725
2744,3078
72,73
956,1332
732,585
295,584
171,227
470,811
2208,2256
1686,548
1282,3075
229,483
153,518
48,47
152,157
356,114
258,272
41,17
879,151
66,150
606,654
195,195
620,29446
1,172
6116,7136
274,482
90,1554
1162,4388
58,106
1162,1019
208,1160
406,14
84,59
2092,910
1322,4101
158,102
2208,2256
1582,419
712,1122
209,176
150,11
1626,2381
85,45
451,128
278,262
111,262
957,519
84,162
1383,1786
412,261
229,271
571,728
271,421
560,668
337,318
326,556
708,439
369,159
1132,639
1941,1937
17,11
2055,1363
1513,2301
127,247
649,458
15,10
300,933
363,54
196,286
0,1
955,93
84,27
0,211
238,80
10707,12312
74,13
4,4
305,251
185,399
278,38
436,488
1207,1061
0,0
335,348
66,52
1025,1570
402,375
451,484
278,134
36,55
110,131
392,364
378,618
325,682
43,53
206,207
1917,1922
222,334
433,730
5001,739
115,154
194,214
811,172
170,129
151,242
271,344
860,695
1,33
282,57
409,1201
453,369
872,410
92,22
222,366
100,119
440,970
292,198
211,315
1600,1030
488,631
226,292
1625,899
589,638
160,171
19,9
971,1026
148088,151297
509,920
872,410
365,253
503,716
400,123
40,6
1,4
887,467
6163,48372
15647,20809
4399,6047
309,284
210,371
10450,19386
55,80
791,8713
26,165
4,4
494,269
43282,44324
202,248
154,651
28,47
1377,3244
177,234
9,0
428,595
1761,18174
584,558
0,18
122,171
73,46
786,1200
127,76
270,165
169,192
2000,999
107,28
57,1311
394,4450
1195,458
404,376
86,29
285,332
236,229
159,110
459,182
288,81
475,565
174,20
170,19348
207,571
338,43
1315,173
32,4
232,226
149,295
134,130
226,799
134,43
104,339
210,91
2110,1517
1478,473
7,0
351,69
251,173
538,248
1239,732
26768,28944
571,1597
73,837
39,19
9,10
312,222
31,19
558,389
4665,4313
127,74
232,161
4541,4329
74,91
681,382
184,158
46,1
319,289
108,109
4,2
1780,471
48,54
343,31
490,675
301,477
29,7
108,153
602,1579
256,75
2031,919
167,377
3098,1948
285,918
820,1115
349,669
20,22
230,301
632,426
114,77
1498,1563
865,825
11,8
1986,1105
45,277
63,87
916,1048
212,19
318,1926
216,381
522,136
283,473
1797,2040
56,1
415,375
405,235
308,494
142,981
1181,185
198,233
5000,2473
562,389
726,391
335,398
1380,652
132,61
4290,4288
210,221
193,224
40,8
89,10
160,1509
33,102
1085,4508
2198,1065
1,130
325,308
2061,884
73,201
625,131
901,518
281,129
630,2363
40,90
414,382
9617,14285
462,461
214151,209873
59,59
387,908
148484,158258
5002,1703
373,535
322,472
650,535
350,198
125,675
15470,17470
247,134
35,31
147,127
2837,4431
148,206
559,225
4656,5257
370,273
86,327
95,50
859,661
299,354
375,470
298,304
134,44
134,143
247,247
422,166
14,22
41,79
166,168
51,3863
462,254
22,10
154,153
500,513
12,4
280,140
274,118
1281,1876
349,477
710,2829
618,612
37,28
350,50
28,1247
492,157
9,28
377,372
273,194
1920,2015
114,146
526,320
320,272
253,202
79,41
211,777
329,207
293,211
1676,1701
870,1431
104,31
1903,1971
67,31
330,238
388,716
434,559
70,58
431,645
798,1097
12,2792
341,392
2086,512
1112,1044
8397,9502
39,5
1385,422
1838,1632
315,668
143,210
6844,10198
489,183
782,1396
4341,5324
508,245
223,175
577,687
64,5
159,197
899,537
441,59
835,1169
163,30
50,26
10,6
617,641
372,1285
92,85
86,289
302,450
410,461
268,312
1614,617
160,34
801,705
234,31
308,333
272,300
1505,935
970,3547
160,161
614,51909
116,152
2177,6226
0,1
454,607
200,800
172,75
62,1127
241,65
124,71
324,338
168,28
43,404
659,650
342,742
217,114
101,256
30,0
56,46
349,1700
0,128
157,150
1880,235
166,64
408,12
760,881
1284,1065
488,278
671,728
389,420
670,847
893,837
166,181
435,525
278,237
1627,2549
470,38
38,40
32,85
755,640
4737,16638
497,429
917,11842
1263,1193
112,459
556,212
35210,37174
55,40
2649,7138
257,1967
53,53
547,128
60,7
1671,182
459,686
41,1053
1436,2724
171,208
602,1171
29,37
769,1604
455,701
2010,864
1708,4690
109,63
1158,545
334,305
40,49
328,130
97,98
131,105
111,56
7,6
258,3009
27,5
64,95
290,225
417,714
924,1469
76,313
331,380
75,25
143,260
111,15144
146,194
260,165
184,218
2,68
0,0
370,496
73,135
91,83
71,91
108,114
1062,1213
11,8
236,207
572,706
378,545
679,638
328,147
39,1
41,1
7381,10048
41,2
1138,2501
397,525
775,1956
2561,4397
38,28
440,480
834,2326
199,836
190097,242580
406,306
69,337
112,62
454,70
1185,1336
29,6
4,7
428,450
618,879
494,232
548,730
114,304
193,280
241,256
157,464
437,209
99,121
126,221
174,232
1261,3224
366,562
2716,2792
171,18
182,203
79,20
195,177
372,646
18507,23862
344,286
143,168
28,29
426,48
142,124
301,343
97,365
57,21
1845,2111
50,2842
328,328
30,39
398,334
184,200
14403,19403
1087,965
40,27
92,403
867,284
657,799
37,141
7048,7494
234,7972
568,112
67,45
1156,1287
1372,2003
3209,3630
523,219
304,62
416,524
393,1041
13322,14510
371,323
241,349
658,77
267,1052
952,510
117,83
203,1266
0,593
228,25
1261,480
976,857
304,455
7,90
704,808
549,623
314,521
33,50
196,17
174,472
146,27
767,384
240,913
98,94
439,197
11831,12107
303,665
271,27527
357,487
1066,2129
1066,2129
1,1206
305,1067
78,145
10723,20785
387,448
1907,264
7268,11228
180,411
61,598
452,441
805,861
1388,1282
35,50
575,612
25,28
3426,5357
792,13796
513,615
283,946
327,236
185,209
2029,23371
116,70
149,119
167,122
283,1726
559,687
305,379
39,34
691,1098
1509,1250
0,10914
333,356
47,39
576,1714
14719,54027
1081,598
80,49
479,1088
9043,21933
1325,1104
658,77
119,114
137,120
122,39
167,164
681,815
52,53
3758,20833
796,2919
1347,2654
60,372
8,359
102,106
1154,1081
40,3
101502,155169
97,44
280,466
4255,3924
1606,1787
278,428
807,218
189,66
451,591
13237,12185
128,162
85,1347
604,703
510,399
72,68
850,1591
59316,59785
32,31
87,135
498,781
948,635
37,16
127,89
48,70
378,394
32,0
180,497
915,1555
4,1
148,140
3575,3268
402,236
477,76
2100,3860
15,49
154,94
93,23
506,155
182,3528
77,110
272,352
268,216
1816,556
126,60
124,134
43,31
433,548
140,253
223,265
317,179
397,435
1130,23876
319,699
198,281
158,159
170,93
232,216
1973,1598
71,66
12,2
501,451
198,613
90,70
7569,7791
2,0
1014,1965
20962,18975
657,779
635,22
15,7
646,526
430,11759
179,118
261,1098
2100,613
32311,535583
131,621
163,137
298,155
446,302
2740,2714
644,787
436,341
3623,3210
1852,9838
139,74
424,343
49,25
114,110
182,149
89,170
122,39
2,38
38,58
1,0
55,2
208,76
430,385
154,166
307,1411
80,18
251,172
608,1541
104,132
40,1
78,118
57,39
425,3027
270,635
355,887
0,112468
116,12
1193,1329
16,32
560,273
51,88
1,0
179,193
94,58
1573,561
1540,128
2463,2778
915,1555
0,6
390,920
840,801
151,93
178,57
90,116
76,89
1260,1519
155,239
121,678
4214,5172
403,394
234,497
180,201
25,2719
199,580
8,0
400,512
170,120
377,205
9,14
157,203
996,5047
243,77
2029,3374
2,128
216,193
1370,355
1988,322
30,2565
4,0
134,83
59,45
692,196
107,2533
276,231
249,227
16,18
174,136
16,1036
1088,1223
197,336
739,1228
293,14348
355,329
650,1475
1670,2750
122,33
827,844
479,199
1578,1841
477,410
0,17
126,203
1641,478
22,27
0,0
663,893
5,15
10789,22784
768,2609
9,4
2097,1578
640,318
259,90
738,1274
1911,1681
6,15
7048,7494
1099,1354
157,673
255,753
94805,137235
395,1442
1638,2446
952,5806
3203,42362
7,201
39,38
1646,707
590,1060
265,250
71,63
616,615
175,18
141,253
105,360
8,4
511,499
140,54
51,27
33,20
886,2130
373,295
209,47
332,309
63,249
718,1083
103,54
280,171
2,12
160,157
2503,9499
1159,481
186,29090
22,10
263,248
246,176
257,42
4116,4423
164,138
703,392
506,11243
93,34
991,7801
407,92
272,66
82,269
220,131
238,3705
106,151
194,1643
442,290
79,65
161,179
2,4
223,54
54,10
402,553
207,286
3,4
60,71
511,622
424,1100
1319,1269
104,13
40,4
110,666
570,1691
611,7900
96,74
12,19
24033,8107
349,362
335,227267
6026,10520
1733,2850
61,78
946,729
52,13
280,214
125,182
64,21
126,58
489,536
249,149
476964,477579
20,12288
86,101
657,572
0,244
4999,4192
26,145
318,400
19,296
193,379
3682,4929
4621,4709
4,0
14,2
60,77
174,28
225,109
570,714
318,1829
15,5
56,191
261,462
457,498
15,18954
223,101
654,307
667,315
25997,27347
4,175
269,364
2242,2078
9878,12153
198,202
72,62
282,316
2545,4080
158,169
1977,2931
142,141
60,13
100,50
10246,26593
230,207
7,2
7446,103425
867,733
640,291
135,11
126,117
331,353
3,0
393,2023
172,200
516,453
23004,31325
1818,1680
689,1141
543,344
415,86
81,171
279,204
125,4015
625,1035
294,398
517,304
301,130
20,33
299,355
2751,2780
363,1151
828,1048
23034,21439
344,1399
899,7334
192,390
1,350
102,780
10456,10731
218,380
109,86
40,0
4,0
23,1
9396,13461
45,38
28,28
149,24753
527,685
1134,452
12153,12027
106,426
117,134
161,239
616,904
162,23
500,826
1492,1604
0,2
257,232
6,0
404,418
5860,8248
162,206
273,288
57,45
162,174
41,8
26,24
66,546
98,520
143,184
86,305
1019,907
813,739
547,572
1291,905
4,5
841,206
415,406
132,121
156,103
746,971
319,133
94,130
163,216
770,20427
89,90
653,932
375,236
7,0
553,1548
6,33
128,35
115,188
307,316
680,2074
158,107
126,2992
85,313
317,815
0,5
776,1428
119,223
706,1308
138,758271
74,99
82,158
424,847
74,144
131,783
429,700
75,42
247,266
51,37
343,11
0,186
124,89
161,118
4,0
212,244
141,189
2,154
591,588
122,33
1344,2943
42,2
0,177
6215,6546
3163,2529
63,116
963,4755
1328,686
45,46
2743,565
409,139
3,48
1832,1853
1839,1473
6,17
57,101
126,230
118,116
116,67
66,325
729,3706
832,1204
3,3
380,1563
317,332
9,0
140,55
110,73
97,69
1007,1296
30,135
213,223
217,248
682,290
26,8
966,1663
95,3
1954,530
94,2
145,227
538,503
70,33
1185,1766
28,324
3310,2022
791,1484
1947,2548
85,1
4,0
322,1967
349,209
292,521
1953,1504
520,114
300,441
1128,30
4,0
66,325
667,226
430,23
54,149
1,281
4,0
253,140
226,249
574,579
293,326
213,656
71,56
5,0
357,272
1884,1248
180,497
750,314
64,13
282,151
297,398
237,295
963,3302
389,642
2440,270
634,293
0,0
158,547
204,270
24,37
408,1
81,64
17273,15835
262,103
731,371
146,248
478,972
314,98
6687,8395
52,59
142,248
349,350
385,178
93,159
1418,1493
699,693
90,89
382,107
204,208
747,240
375,445
2805,3735
40,25
238,313
899,793
230,406
1627,2549
979,1380
636,515
1320,1912
98,190
5061,5053
67,57
3,0
165,122
360,18814
831,701
88,537
3707,4977
808,286
220,12
381,189
5,228
0,6
81,92
201,92
1983,163
201,371
440,468
83,55
93,241
328,603
27,66
114,198
142,54
20,12
260,477
2483,4798
408,2606
47,18
1171,639
273,351
1906,1167
227,50
44,5
368,239
803,1078
8,6
616,1631
152,146
486,296
221,1248
89,128
17974,176216
224,338
40,25314
163,110
1835,3317
689,1173
2429,2616
141,31
1936,1974
326,185
169,2535
2925,40723
399,278
816,1065
363,379
95,204
2,0
823,854
84,59
170,564
127,2
70,37
96,50
85,25
117,138
256,207
250,185
182,170
206,20
688,501
162,162
2047,1100
121,71
271,274
0,20
79,79
5736,3936
60,23
1001,1101
15,27
978,126
297,256
223,65
4,60
53,5
57,1
674,727
213,150
55,428
1804,530
175,47
271,98
116,32
422,227
252,930
356,289
513,781
166,124
974,832
47,2
299,787
1022,105
4,0
252,758
259,22
119,128
457,446
2198,2732
223,314
672,302
1560,302
46,4
135,137
197,6369
257,125
342,204
133,102
30,30
2029,225
438,907
1520,921
1860,1354
1973,675
181,88
60,43
451,333
107,167
80,84
268,621
69,21
541,732
1627,87
721,825
45,24
71,2
5,4
13,46
359,241
228,311
243,40
11,9
19,2
495,1117
394,290
186,154
1257,681
775,15985
97,353
0,2
416,564
9778,11518
1195,1353
61,50
146,153
131,150
793,34608
133,51
1056,1112
442,224
269,314
5402,6048
124,128
592,673
1041,1169
99,81
0,5
194,190
974,789
172,295
808,967
135,733
2640,4492
332,622
301,484
7,8
1805,2078
107,88
37,17
0,0
89,155
339,155
224,32
16,5
415,586
172,923
238,70
116,242
63,28
161,152
305,215
3101,5132
314,846
360,551
2142,171035
83,879
409,897
208,213
34,14
50,13921
147,158
1293,596
1567,2081
114,229
14,10
985,571
314,360
648,830
579,147
28,62
803,983
84,105
464,515
4,2
514,713
168,31
202,268
596,574
151,297
21774,22321
650,1622
249,172
351,155
8,233
146,157
337,63
4,4
313,1007
1678,457
134,138
26,49
1870,1875
29,5
184,175
319,180
323,589
2,4
40931,186133
168,42
2119,1475
106,1087
5463,5004
87,32
317,1422
3573,5950
54,3026
253,183
223,92
82,23
6151,5700
259,230
308,258
1,2
256,196
298,240
1359,1074
0,47
983,1156
435,365
525,467
305,1899
5,2
963,494
184,683
338,75
39,3769
37,2962
218,142
14,9
84,2
844,868
118465,110633
210,13
452,412
46,207
312,436
1448,693
324,355
313,368
383,300
749,1524
591,365
972,76
1423,1367
297,290
1061,445
738,620
151,117
38,4
198,98
2063,1689
169,38
364,147
856,777
140,175
172,160
213,131
0,117
123,94
326,435
94,33
1316,747
9,1
443,480
147,140
319,4586
2425,3055
356,477
8504,12948
778,572
178,91
66,66
669,636
309,367
162,120
12493,12931
18,99
852,568
436,431
51,316
61,210
12209,11445
180,2026
329,259
138,131
505,323
930,2035
2008,1081
84,534
493,536
158,172
713,1052
125,26
859,1125
271,385
660,812
252,248
141,189
477,50
14,8
225,140
88,49
524,163
677,93
6,16
654,619
307,238
1626,2235
86,114
94,229
651,459
110,139
188,297
411,339
22,2
77,29
48,87
67,29
347,33
290,3196
1808,5161
217,18
881,2598
535,687
157,84
66,189
648,839
559,559
1478,1700
104,224
114,114
2196,497
1733,405
195,176
127,191
501,343
139,124
235,103
54,49
4556,45552
5043,9473
3,11
40,2
81,60
95,164
397,451
258,48
52,54
4644,23736
90,89
1986,10773
185,329
172,191
67,214
1817,2069
860,318
964,1164
96001,116131
305,290
1658,950
83,307
6,1
981,574
1266,1376
193,221
327,101
335,1029
286,647
436,722
3547,3942
464,3077
205,170
305,379
157,120
47,54
625,1022
411,4517
569,679
512,575
1014,1118
342,771
215,57
1858,355
298,198726
1244,2238
481,560
25,18
258,5651
0,0
743,262
104,135
4177,5482
170,164
189,115
710,1026
757,874
588,372
139,80
226,249
753,854
1842,1831
261,319
116,241
168,31
31,248
180,4
242,362
73,67
558,391
22,22
546,245
2239,2834
86,69
287,207
126,127
217,59
227,2327
386,2100
4259,4958
2,947
129,119
632,932
325,1021
131,71
457,547
839,291
216,58
570,621
542,1240
27024,29447
41,799
270,66
17,42
1486,366
149,291
2080,1911
770,398
1014,1059
514,815
81,64
102,92
187,100
305,372
529,564
182,422
342,629
1849,629
181,29
25,11
313,285
563,446
1843,1709
63,57
420,503
133,93
1980,764
448,204
874,172
932,886
569,491
678,1433
19,55
5678,6007
1031,1278
553,340
998,785
532478,533450
3026,2728
309,315
26,9
6,6
390,827
246,812
366,579
124,62
188,192
39,182
189,170
1403,762
84,428
239,725
227,220
352,174
33,23
1733,689
620,732
477,203
166,49
98,54
152,955
33,927
117,1331
248,142
213,482
1990,716
33,18
90,119
363,443
1353,1343
718,823
1662,678
32,28
72,67
223,178
603,592
4440,2832
239,421
143,244
7460,9259
70,40
2,1
226,63
280,486
12563,14029
3525,9528
242,2419
31,26
1459,1616
103,32
79383,183675
228,36
911,1061
54,25
466,490
286,74
97,327
1171,1291
151,18
378,467
202,398
120,19
2500,2628
299,565
339,485
41,29
193,365
61,38
5,3
193,195
95,99
925,488
357,507
584,757
48,35
46,2
244,235
67,71
1318,1154
30,14
182,122
164,371
211,192
11,3
953,726
111,145
112,120
132,1267
1865,835
80,172
1387,3718
1093,460
73912,144860
1984,502
197,216
1252,1620
44,6304
9,70
126,91
181,62
91,368
288,296
726,954
1057,1535
320,483
78,459
186,267
347,323
450,464
166,186
418,219
374,534
1875,900
709,645
806,1115
33,105
309,258
85,479
401,423
1841,3653
105,11
1869,8229
19,4
1828,2121
418,317
134,31
535,573
2304,2417
274,659
188,571
590,1074
85,479
367,511
99,2028
463,554
232,212
1042,2258
361,1892
241,28
11,11
300,131
842,794
58,64
51,52
442,196
324,382
1472,1151
50,54
63,166
173,429
421,153
255,353
9,9
90,658
54,7
821,2332
421,568
181,876
90,1210
147,92
371,224
284,282
91420,101238
1371,1581
2,947
745,547
67,265
835,1417
223,266
36,91
113,50
2690,3732
25,48
204,278
103,38
257,177
38635,125464
1836,1003
455,220
9,100
6691,10180
1,41
238,206
154,2351
7,1
135,101
300,289
83,150
67,15
183,208
865,1374
670,386
314,510
1260,25112
1405,1444
322,98
51,125
70,252
392,1179
759,586
121,89
0,12
329,1137
269,108
90,1556
118,116
249,240
209,217
637,334
277,312
367,347
63,110
169,176
189,152
276,448
1179,1799
673,284
1413,1726
273,466
175,260
1466,1501
1492,1188
450,160
53,39
2000,1477
87,35
4653,11900
320,518
1638,1185
1112,632
55,25
1,119
4699,5302
270,102
205,38
527,147
259,350
185,151
674,839
115,1147
42886,40207
410,284
236,272
841,367
8,6
1354,5781
99,53
59,81
222,1261
1333,2046
56,33
1997,1626
66,126
159,146
419,373
69916,524032
2603,2687
141,303
2263,2233
965,1237
5,2
273,150
163,180
119,122
299,439
199,15
363,416
98,256
828,5655
93,100
2006,786
69,54
508,315
0,0
0,4
605,639
51,24
96,78
62,8
5102,4642
1592,993
122,17
130,122
12644,12340
499,736
193,184
2730,4300
324,213
1136,1751
0,47
1357,468
64,259
512,288
335,755
223,315
26,23
133,108
1101,1848
1702,552
25,10
465,406
16,18
1443,1296
3913,16088
147,165
554,269
280,117
1242,1223
100,221
1607,9514
29,35
188,254
181,2829
244,290
1336,1486
328,324
114,166
189,259
5,1
1443,1035
81,64
469,668
41,8
1969,2408
510,636
231,15784
124,86
194,74
512,739
2348,3113
532478,533450
363,540
291,75
1160,992
652,285
1687,16104
157,62
1529,900
89,114
301,340
235,739
1,1
2573,2535
230,1231
447,318
107,2227
801,2529
1221,629
382,768
397,626
721,780
1735,490
762,1445
330,473
84,69
1247,146
813,638
449,174
160,207
1100,1105
23,7
335,350
1994,1521
0,1
1167,792
561,403
30323,39713
54,54
353,325
85,18
128,104
1249,6513
46,89
39,71178
2868,3037
305,511
747,936
192,203
445,603
39,6
61,2
177,108
810,3302
160,22
693,1210
1668,761
1001,1051
22,0
217,185
275,462
178,84
587,406
101,272
201,728
265,839
206,53
160,75
1347,213
165,1420
27,6
95,82
1254,278
189,202
142,23
404,89
1013,1134
873,1425
224,225
326,168
780,1780
241,96
224,175
116,35
13,15
188,44
635,396
361,543
669,1321
291,301
237,279
849,1472
790,731
236,208
201,358
47,17
1335,1812
456,728
800,310
381,389
92,33
144,214
1999,1140
2429,2616
70,31
456,728
704,583
335,136
89,55
19,157
330,355
705,256
3133,3335
156,1661
368,347
2502,2325
842,498
0,11
60,34
1999,577
241,288
2,1
153,16
133,106
4235,6355
57,33
0,64
1126,1161
12489,13767
1999,577
1730,1859
240,240
298,400
451,887
4756,6027
459,108
180,17
95,63
70,18
64,4
151306,243013
217,38
4,15
551,1182
161,476
475,517
1091,1029
3954,4333
2,42
1230,430
1637,2018
53,10
586,367
67,29
18,2
263,35
148,323
9007,8831
1214,2388
13812,16108
382,503
788,1671
220,805
234,264
268,283
3,2
2158,1911
162,258
143,110
256,277
423,2001
569,580
234,166
2,1
279,72
967,528
222,342
120,30967
4680,2276
3,0
910,216
44,626
794,1997
206,124
76,22
364,804
1500,1323
29,16
731,2057
536,1202
39879,37144
63,22
643,767
132,471
359,380
5001,3185
613,270
172,1902
99,29
358,3605
6868,7018
583,696
618,189
195,265
0,11
268,52167
400,378
80,239
107,128
59194,70087
133,114
135,109
22,816
79,50
239,115
284,176
929,542
183,991
146,66
286,337
31,36
554,366
118,179
1967,1223
427,393
36,36
156,230
1985,755
1577,821
0,1
61,72
42,5564
487,246
394,1050
541,1160
404,186
1365,3235
80805,87317
141,37
481,462
109,337
34895,44228
13186,13133
2832,3262
225,588
499,560
141,93
699,602
657,2086
98,29
66,12
78,39
123,67
772,767
89,89
625,646
0,12
673,3312
99,25
522,136
270,151
523,505
540,522
169,378
34,12
130,133
1604,1075
445,791
3688,29266
304,198
1322,1868
10,1
0,0
357,368
60,70
160,285
25,16
104,104
204,448
15,181
757,740
517,223
126,127
264,288
364,423
388,471
123,232
5,383
4460,7339
0,0
7,24
251,178
233,44
323,371
56,317
752,1787
218,146
88,74
0,2
302,213
818,832
247,311
120,507
0,432
284,326
4470,4530
151,396
406,7764
5,198
327,270
1125,1909
587,710
1542,1055
333,1617
585,726
1608,194
778,838
820,1662
622,614
123,202
225,32
957,205
18,10
950,1646
162,206
2468,9511
256,379
163,110
138,134
354,260
297,710
300,519
83,2099
196,38
804,780
335,1029
1532,56
368,281
718,9408
4455,4959
209,4264
52,3
235,490
13186,13133
111,82
277,235
358,181
126,201
198,100
255,484
320,1114
225,158
20,7
265,82
116,6
545,11960
1625,1987
173,386
1644,877
1993,883
1051,243
1284,1436
47,3572
53,7
171,48
0,0
499,803
17016,19005
331,565
65,80
347,541
315,380
234,256
340,267
167,208
16,6
334,526
690,693
174,151
174,38
1781,5441
2337,1170
85,24
496,8042
56,98
158,46
383,529
369,547
1999,447
204,186
372,604
45,972
1948,1119
73,27
144,122
168,7
55,10
57,0
6965,7080
2186,1952
940,303
106,162
1879,1111
157,146
335,253
29,61
105,424
300,361
214,85
618,512
302,213
290,393
372,651
37,62
50,63
111,1850
188,240
368,2765
96,38
644,641
190,261
61,104
109,165
14227,18658
447,359
292,296
27,45
244,263
158,65008
3652,4056
164,158
74,6288
123,172
2951,2852
547,648
123,414
107,90
584,1517
543,1096
274,246
156,168
1120,1384
19,35
342,1716
26,38
44,278
473,126
85,177
75,63
631,119
230,257
156,159
569,949
352,266
91,65
9,16
15681,15798
192,344
2468,2491
1986,1300
364,246
21,93
190,114
160,205
802,639
4239,5073
612,1695
958,350
218,1228
2,34
2492,4266
405,2069
187,59
381,179
3,0
573,509
2022,294
0,44
1800,779
17,10
401,377
250,438
599,801
1393,1761
12,14
384,132
83,224
321,919
1075,756
39,13
872,10448
786,689
98,140
124,171
482,1084
254,261
39756,50295
8812,8380
746,736
783,12742
652,938
1028,1651
221,225
335,271
557,714
955,1646
139,187
373,151
193,298
125,63
248,410
1395,963
11,1
147,123
450,483
1002,829
282,440
1002,829
120,201
1446,1186
795,333
661,801
554,641
88,108
299,618
303,334
134,13
110,102
170,477
228,42
1229,518
550,1428
537,323
6,5
218,27
195,277
74,59
1383,1401
400,10594
170,79
166,209
418,418
5,3
339,576
406,667
199,2530
0,131
16,37
22,15
182,220
1354,2193
403,6298
1994,353
12,375
1,243
365,405
494,720
1,58179
417,518
2124,1681
21495,23704
2475,4637
1797,37882
1155,785
284,397
98,312
42,36
21,34
259,43
1488,14835
1062,1433
60,38
2,647
1970,2182
441,1597
99,22
679,1179
10248,101218
89,112
529,43
9337,10778
1579,1711
31,19
682,1041
0,2
489,499
1006,638
1025,616
83,83
505,220
61,58
1854,2408
482,727
223,299
14,7
840,529
2165,2953
1651,1894
48,334
33350,35577
82993,81319
71,71
297,556
753,857
827,260
29,35
90,101
2201,1646
210,52
394,442
315,307
3754,1957
2084,4268
7125,10391
50077,45084
4460,21454
692,851
78,55
684,38
2180,111416
44396,43707
7824,8846
71,219
580,526
3232,24056
978,26889
41,160
305,210
343,442
250,122
331,578
377,376
1033,461
215,70
5287,15091
1257,2879
259,262
1179,1240
174,219
734,611
258,8249
337,90
278,310
476,556
144,235
249,290
1584,11572
195,310
68,78
15326,16831
1053,647
674,958
42328,45526
217,169
74,334
509,500
275,346
270,466
17,3
391,286
2,0
1,0
2,0
2,0
0,0
1041,1209
2,0
9159,9222
7,2
253,257
448,9724
2,0
0,0
206,291
0,0
24117,24109
3241,2493
161,40
94,264
0,1
699,753
6,4
73,82
416,68
248,889
78,123
0,1
110,23
666,691
400,371
1011,1196
2,11
134,587
0,1
20,14
103,603
2,0
18,19
303,237
2,1
159,113
1061,2404
15,12
64,47
2,0
26,3
7,2
857,541
436,542
196,121
25,29
202,173
1858,1833
34,74
202,199
101,144
104,26
381,202
1071,221
2,0
0,0
20166,50756
7,3
428,455
246,299
12,1082
0,0
398,2340
221,448
130,1846
633,87
217,210
224,428
148,43
242,921
1950,1390
1187,1189
139,52
201,44
184,274
6152,6438
831,944
120,146
319,271
230,141
44,105
272,1845
1582,345
409,0
179,222
1625,901
158,904
344,2624
472,977
2399,2543
2076,1432
57,30
279,3979
320,49
828,532
583,1008
1742,6323
2013,769
394,463
74,41
2078,1762
812,1222
120,191
24,1
392,440
495,410
195,1413
39837,45152
1566,1234
2608,1116
0,794
2424,244353
109,37
482,355
707,592
583,116
1484,1660
14,199
591,250
1911,2567
7,2
1597,1767
1341,1434
848,1001
851,231
331,774
158,316
115,146
19865,20062
236,282
150,74
33914,31510
1877,657
28630,33854
18775,20165
2994,3704
598,650
249,327
82,593
29,8
75,385
349,88
292,280
28621,28180
524,772
28,25
280,213
588,705
1806,1371
155,120
51,109
191,19
357,350
166,62
104,127
716,731
149,496
1586,98
198,184
282,319
54,6117
2,0
758,52
224,215
478,2992
354,281
895,2231
65,97
354,281
1293,2437
802,769
398,408
294,309
240,484
248,406
1080,1671
69,62
2362,4229
327,451
1989,794
257,363
114,130
520,517
1148,146
373,158
394,602
188,85
191,104
258,359
225,257
38,32
303,1210
1412,1669
991,3883
54,66
1174,844
519,1363
364,375
232,214
316,375
411,165887
334,442
467,341
134,175
137,4110
326,327
5300,7401
465,813
1963,1763
72,227
152,88
156,1265
146,190
385,404
197,65
626,623
430,422
879,1615
1378,1469
174,92
58,7
13737,27867
168,122
13,14
269,236
69,57
13080,16359
243,132
451,1202
101,151
256,620
188,190
308,3
488,636
261,493
1876,686
3382,30936
263,265
272,314
39,13
5,5
202,257
102,17
17,86
220,108
44,15
937,1716
19,24
152,139
870,2272
884,1083
87,64
1215,1268
1586,2309
253,233
1566,1512
384,493
456,514
103,300
669,686
135,89
2042,597
509,1108
930,923
191,112
134,1206
258,315
1044,2055
90,1
524,844
73,38
426,115
111,1541
422,332
97,15
285,294
560,610
378,305
102,105
540,3539
819,1487
1604,1623
1527,1245
81,427
125,118
9440,7489
17,10
587,208
2176,5328
878,3254
839,665
459,753
287,26635
417,582
200,744
2716,2792
11,4
154,230
829,302
22868,47315
155,59
91,275
143,134
1004,209
355,355
76,11
175,181
269,141
144,26
488,231
498,4709
379,510
789,883
176,556
136,56
108,73
152,159
31,35
2817,3466
15,1503
4,3
1093,3634
419,573
804,3407
1045,574
283,349
103,101
7965,9526
357,226
470,525
61,53
435,433
21,4
4,3
482,530
765,322
1965,995
20,19
117,895
994,1108
36,51
419,573
1769,1612
132,19
431,228
4,4
2174,2257
424,665
25,29
4,3
128,108
667,708
367,202
3114,2956
4,2
424,1099
2,3
14,5
6,4
216,391
195,1170
2652,2798
587,712
124,128
4,2
489,1765
36,27
231,260
351,728
756,1252
97,104
69,16
72,227
216,185
229,99
291,411
745,122
163,214
0,0
1306,880
204,34
138,4937
231,13
355,173
445,297
1478,1771
1328,686
201,358
345,575
568,7150
245,393
2327,522
85,1621
938,1042
292,596
1448,1013
432,90
126,14
156,136
7,12
61,59
668,543
281,71
1995,982
63,31
213,20
461,51
1120,227
7242,11765
626,795
68,59
457,453
400,3668
413,623
2250,1982
2,0
369,372
2818,6158
197,429
56,11
960,1868
1996,2793
348,706
3902,5590
411,191
316,273
67,37
1953,561
1033,461
386,405
0,415
418,643
46,49
274,1277
43,10
300,433
415,366
144,96
7,6
255,391
79,11
121,128
1972,1524
297,446
190,133
184,233
262,358
35231,38081
2,0
69,17
14428,13411
9,1
12,11
895,291
0,2
1119,681
104,110
441,864
8,1331
27,16
225,234
275,368
106,423
649,696
102,60
341,307
219,554
856,162
385,562
646,97
584,456
113,255
988,648
99,224
477,186407
566,685
1608,1442
96,48
143,347
148,82
41,7
269,230
36,20
3261,1873
167,108
72,179
5,137
7973,15154
126,136
302,314
717,995
65,36
333,584
599,1039
24,21
78,120
205,163
744,439
28,60
65,47
125,1959
465,123
168,102
96,87
103,35
517,516
1874,2573
161,249
591,766
168,168
64,30
129,155
235,332
2336,2375
98,133
63,1110
2043,261
815,954
319,470
12,40
53,47
343,273
279,244
599,357
40,5
2475,2661
131,621
34,30
60,55
2193,2153
1868,1938
112,70
8,12
906,1199
11,11
924,410
0,3
100,60
1899,2118
361,542
840,1814
3080,2745
388,411
326,759
548,563
81,33
123,123
583,1445
1378,810
137,102
104,121
44,68
37,26
168,185
79,193
205,1851
73,22
40,46
59,83
113,48
115,131
92,43
509,173
448,756
234,1767
401,1838
79,145
815,1110
328,485
41,29
5,2
271,98
40,24
276,215
1686,2205
32,739
282,222
24,9
385,489
234,342
1994,966
139,34
1446,5828
7168,7360
754,162
160,46141
465,310
499,658
448,625
264,240
699,1060
4988,10207
30,23
1001,1125
101,209
25,68
425,437
4316,4239
253,260
226,252
341,403
246,473
469,545
334,265
130,97
1136,372
5184,7400
523,375
729,612
573,495
323,45
1592,469
1293,1831
654,278
341,700
1374,1714
457,468
289,42
257,115
138,139
350,312
133,492
381,630
278,124
303,441
149,31
99493,92045
57,114
1,3
16849,20537
3274,3037
402,150
124,180
56,90
65,80
63,8
601,1493
91031,371257
440,17
2510,2869
2430,2713
48,1
918,1491
90,20420
150,1029
632,431
993,6858
183,44
271,2842
161,179
298,884
498,1472
101,202
22,15
2004,1054
196,192
11,39
16781,23590
376,851
131,61
38,44
47,45
504,585
156,193
232,229
4953,5396
206,130
183,95
209,314
423,459
0,22
143,245
372,1285
2713,2527
866,4888
1702,552
298,1445
536,719
178,33
359,103
51,19
211,123
1993,902
1515,1702
238,0
1554,12591
2634,2517
1732,992
164,181
574,501
335,246
217,204
199,265
81,80
168,42
7627,9139
9093,10280
205,37
453,43
259,280
457,1029
915,547
79,84
676,1128
291,312
218,211
493,536
38,143
406,1019
4679,7632
534,2804
172,260
292,1391
421,241
211,204
648,714
599,552
299,302
998,1750
73,117
298,385
25,473
700,1073
383,288
262,373
0,0
266,873
531,1839
363,260
289,257
82,418
483,417
927,405
56,4
465,61
596,705
369,22127
1078,12820
7053,41509
801,705
8,26
155,504
1,0
1301,1457
2,19
757,350
186,197
8,10174
744,2070
389,515
46,13
29,32
199,63
614,553
1026,1025
0,0
4679,7632
19944,33068
146,252
468,272
58,89
69,75
174,3582
25,10
116,119
117,195
244,75
193,220
614,1210
42,25
22,23
58,80
18359,19463
585,270
45,46
96,594
481,582
368,266
262,16
258,3390
332,92
396,283
824,769
379,705
175,68
913,517
81,78
9018,15855
203,63
348,159
1280,906
244,313
62,373
398,529
430,603
67,18
1246,850
3556,3739
116,25
85,83
611,508
104,148
3283,9488
10947,13435
1104,336
369,55
148,636
7171,69876
409,518
1,2
40,14
325,346
0,0
338,218
131,91
1367,281
99,50
306,305
1384,331
40,37
1910,2122
151,71
57,167
109,18
303,243
98,2256
1371,1266
243,243
0,0
296,302
1180,309
404,1102
17,13
116,347
117,157
473,690
6391,34630
829,1070
23,15
341,337
238,2526
76,20
607,226
1413,1807
2082,1251
39,129
277,390
311,287
2049,1610
201,105
665,636
141,458
106,230
84,44
264,75
1084,830
2,0
10,97
137,355148
183,397
13080,16359
242,1361
198,220
329,387
118,42
130,1135
196,159
1148,1108
298,283
120,146
1431,483
498,283
85,129
0,3
59,51
37,74
173,160
872,1704
892,2969
410,252
890,1090
535,673
80,82
118,313
7509,8584
1720,1536
102,84
176,470
64,25
187,582
50,11
438,249
789,769
148,3
4966,296
777,863
0,0
