513,710
722,492
174,180
313,367
145,28
14,12
277,353
285,360
386,342
1157,3556
34,12
1993,1461
135,23
1391,1307
73,35
433,467
1844,1075
234,83
561,577
57,21
98,883
70,83
12699,12668
51,53
138,131
753,623
315,388
390,346
178,237
643,141
517,882
329,324
286,413
1103,1273
594,4718
285,80
1901,465
301,171
43,8
6709,6406
795,744
220,282
364,401
11,3
227,1625
2,2876
40,4910
724,1250
3206,5576
72,32
339,9795
191,196
140,149
237,254
22,8
142,38
83,411
2720,3481
80,172
224,235
61,37
533,165
161,144
486,634
63,55
312,354
289,108
318,94
344,406
340,332
292,280
541,191
302,570
754,1496
178,85
45,102
755,746
1145,2180
72,20
162,989
51,74
57,55
3278,3082
124,54
2414,1329
312,543
1,2
214,248
4,1369
625,608
181,275
116,528
301,1073
771,499
0,2
45,30
296,2194
482,296
1370,208
558,489
571,598
609,1435
1362,259
151,251
5001,1131
1,76
353,383
402,406
87,2649
122,147
477,612
388,565
291,98
169,183
347,756
532,4024
19,7
87802,291013
554,861
6989,7744
20,25
47,18
0,80
122,17
261,29
217,432
95,345
44,11
1050,1110
224,222
391,360
15,12
987,1030
417,526
715,3395
3837,4940
385,566
2175,1994
205,20
90,185
349,1318
44,4
180,188
35,80
42,17
479,1159
1820,1463
643,281
732,319
253,167
67,16
139,110
196,287
13,73
57,29
508,1247
920,307
51,3
8,3
2019,910
458,2805
728,1222
14,5
2807,3381
10598,10895
423,197
1645,1385
592,7109
99,3071
211,267
421,25
1050,1276
135,158
264,265
251,60
135,8
139,156
232,294
337,600
466,518
1435,1707
1308,688
90,20
88,107
12,0
742,1659
177,123
372,1285
453,584
79,12074
80,79
85,830
82,91
272,391
11326,10296
327,470
192,54
397,77
100,61
634,350
770,377
615,758
177,190
123,110
50,30
170,41
920,1442
245,257
201,207
0,18
831,1068
4906,6235
387,154
210,414
68,99
174,35
79,13
258,79
752,294
376,138
2810,2460
250,368
841,379
993,1052
0,80
0,29288
421,492
2757,2414
219,625
803,1015
5869,5736
17521,30494
275,225
466,789
2014,951
195,74
164,82
356,260
260,216
119,530
517,474
1250,1829
1913,4229
128,67
39,0
235,260
1990,940
198,211
83,168
53,33
273,215
739,402
193,156
117,28
236,200
37,21
43,60
221,186
399,237
40,119
544,8510
226,178
23,31
0,2
1198,893
54,102
3,1
147,312
17,5
17,69
538,3616
554,9207
377,375
102,38212
344,222
827,770
747,153
946,22756
9569,16230
674,511
139,194
127,78
55,308
107,114
1417,1576
525,1366
863,1441
304,181
1197,1477
125,138
410,507
52,89
43,14
1064,1166
207,907
0,1
1329,446
308,304
0,78
191,245
1329,418
84,229
725,623
328,471
2,0
124,267
174,316
246,560
1891,2222
995,12163
118,86
806,682
389,415
297,328
2866,2961
9412,10372
372,1285
113,71
75,93
25,47
128,57
837,572
305,2753
2694,4179
100,160
0,18
875,981
131,111
328,741
3716,4757
71,16154
1265,1225
100,24
161,188
4,8
1338,1737
268,347
445,772
127,120
1085,565
2037,1733
118,187
1095,1308
864,692
15,13
686,732
104,1569
366,401
248,346
80,783
83,2986
346,174
46,123
848,285
1970,280
118,111
143,1993
550,568
829,2265
69,45
353,333
127,162
403,596
526,728
623,1783
10,104
672,332
94,6
111,204
2204,5276
217,302
589,1648
324,48
117,230
152,160
265,262
84,39
476,241
64,24
1240,1181
71,1526
805,2553
453,1694
704,1116
240,529
107,18
37,63
225,160
630,3798
489,480
818,246
354,280
1268,1265
109,175
5,8
127,108
199,46
62,101
270,159
445,772
356,526
442,334
195,129
0,0
82,80
158,112
710,2971
40,22
526,1742
240,451
107,227
1973,1193
239,371
699,651
469,302
405,2301
9043,8857
2074,1953
97,25
256,224
68,55
399,437
354,278
185,325
142,6
267,159
0,0
19,2904
8,2
712,440
562,701
249,403
117,298
877,865
150,82
2559,2408
78,128
948,1998
121,146
121,274
12795,12831
718,1116
363,923
2608,3406
1086,405
199,280
305,371
1089,797
76,69
0,2
395,300
349,228
223,79
555,503
464,509
274,1330
235,373
939,1261
209,289
321,259
98,156
130,129
110,813
237,677
40,9
748,249
718,910
2339,2388
586,789
5709,6165
40,7
144,265
5,1
955,422
654,64
41,9
100,1546
154,103
303,311
93,1712
34,20
0,0
8,20
478,555
677,953
197,322
428,460
349,773
83,98
625,793
104,49
89,264
243,356
685,9136
2002,761
83,466
83,879
199,922
132,351
968,2014
7,7
511,633
93,70
722,738
147,127
505,182
1982,1617
621,1997
511,437
67,72
319,102
2092,3769
112,124
41,9
123,193
202,1150
166,162
168,1097
44,5
43,5
45,5
2289,301
1014,1032
148,85
5,0
47,9
70,64
2838,4509
124,13
361,1083
523,322
300,2631
19,8
50,12
40,9
793,802
940,1108
165,18
448,575
57,50
87,44
53,38
76,15
44,9
1088,1145
513,639
2122,1292
597,721
65,70
25,20
5,15
408,479
15,4
1713,14440
1033,367
332,1812
473,49
209,540
59,27
11,121
160,195
162,323
1877,1744
253,129
13,5
138,267
552,1975
119,87
107,90
8,10
15,0
0,6
288,323
82,139
0,6
497,1512
36,36
1161,365
90,192
71,99
449,627
1842,1748
343,95
165,13
198,225
9,16
171,205
252,229
0,5
38,36
62,60
119199,303145
206,2486
56,31
361,412
89,100
35,12
2,416
140,323
4135,5067
358,224
2071,1787
1536,636
0,0
304,691
43,9
806,1404
259,254
155,279
156,33
114,85
270,1137
97,91
127,15
87,55
51,5
218,180
5364,5586
303,351
101,143
935,1123
1774,2727
59,58
41,43
0,0
29,26
841,911
161,272
130,108
291,267
310,62
25480,30107
20,18
53,168
235,1699
393,219
721,386
190,213
368,914
247,153
948,621
328,112
390,632
2935,1374
35,35
172,425
259,339
323,144
443,230
164,214
96,48
42190,51507
2139,2135
127,175
352,834
498,6000
215,334
2002,355
951,792
342,882
21,47
1,12
475,395
31,22
1946,192
38,28
2089,1241
5918,6780
569,580
708,1103
163,252
7,6
37,87
0,4110
31,2
312,253
726,512
232,268
479,178
229,225
895,1073
202,165
13,94
582,679
1426,98791
410,342
368,372
123,121
167,218
40,3
844,158
771,1020
480,675
153,22
243,237
1277,1352
319,511
459,790
589,695
104,37
517,238
96,11
1,821
4094,4378
155,263
293,105
1835,1820
38,532
134,624
1653,836
40,1
3844,10961
99,46
491,453
359,253
1572,1818
90,140
210,160
7148,6213
2081,553
869,777
16,339
1227,3356
339,333
177,208
5,12
510,244
176,253
345,668
118,127
951,4397
8937,8838
15,10
130,50
135,131
98,167
2126,8029
34,30
170,54
75,41
427,984
93,26
236,156
401,626
348,105
12,1
584,842
56,109
316,798
621,1997
1,0
279,362
1881,1917
89,173
2029,691
274,118
15,5
620,166
179,296
58,36
130,238
1300,1649
460,3271
8618,9081
14,2
194,332
197,165
10,5
1408,2463
143,112
0,1
4282,5046
369,469
472,17
23,9
1824,2994
942,180
78,78
817,602
586,630
919,716
227,150
31,25
71,85
293,10772
1028,1190
1097,893
262,219
316,314
1844,441
144,218
31,2
478,369
25,6
417,433
108,806
52,5
254,772
50,156
564,320
14194,14579
783,1854
295,344
2000,1690
70,75
39,6
1103,1514
208,112
1913,435
991,1010
527,535
193,5963
26276,26875
0,0
294,173
148,122
65,49
109,1015
2041,1326
377,373
228,356
160,5
354,4041
482,1038
72,59
331,291
123,209002
2823,2599
2010,965
0,2
182,149
1169,1381
612,503
772,349
17,11
770,1383
242,219
247,65
139,111
23,2
99,791
1,146
503,592
534,211
154,229
2743,3167
495,219
119,901
291,310
215,37
271,25
79,19
235,85
199,1189
901,29827
379,939
998,5164
547,754
78,51
314,3304
2929,59396
231,184
400,217
22966,20921
574,621
32,27
384,451
1917,2050
1436,2053
117,70
2,228
1826,3914
106,85
839,461996
602,41
404,654
162,205
357,2374
109,294
29,41
786,481
378,523
238,352
379,194
241,278
123,1033
293,586
1,2
658,785
438,304
871,669
539,153
344,478
343,499
805,4476
95,95
1,3823
172,160
238,232
295,315
464,205
79,148
0,6
2752,6233
1844,847
36,34
312,213
63,63
1916,146222
208,1208
1220,802
1530,2860
39,1
313,1406
196,90
341,426
3935,7716
2053,4046
8531,42682
1352,522
1997,390
1999,549
58,766
147,99
107,9939
465,522
1555,1704
336,480
196,227
91,227
500,872
500,501
671,940
43,30
895,1073
194,130
40,0
574,397
374,484
368,543
79,85
721,743
243,458
197,412
572,520
380,420
332,571
397,579
292,372
621,1251
64,12
887,792
69,109
1323,1369
325,321
242,679
0,13
179,188
8,9
1151,1396
1925,1432
40,355
54,63
66,208
301,864
578,744
98,11
423,708
38,33
1207,1197
156,51
436,249
805,54
15310,25355
36,4
87,44
1356,1410
1627,1709
207,240
355,1781
314,790
706,866
1257,1231
378,192
208,19
1939,267
161,434
70,10
217,282
109,72
801,1122054
224,121
503,28
127,143
107,132
1226,977
900,935
45,3
43,5
0,0
100,42
42,42
868,424
50,12
1216,832
168,201
157,24
281,390
1660,12408
80,76
384,445
5289,6096
362,289
861,3049
199,57
219,697
0,45
2633,2789
246,302
653,789
354,69
999,530
485,550
113,888
40,46
1695,293
322,146
257,430
1680,1351
132,101
846,931
402,57303
4,5
2460,3423
556,598
741,689
40,50
537,246
5,32
5,120
36,48
1163,3549
61,63
824,950
2546,2802
137,140
42886,40207
159,713
1436,974
317,275
1919,1425
2035,715
256,211
61571,58579
272,325
408,426
704,698
92,263
1724,2252
446,509
411,469
773,2230
779,1461
476,222
109,97
625,222
1733,2475
275,244
24,3
348,377
1287,799
60,400
368,622
682,235
628,293
448,1083
1901,1115
187,864
65,106
77,20
278,89
357,169
127,146
61,39
364,618
2009,498
5146,8790
40,39
465,23644
440,959
70,26
13502,16050
16,260
405,695
60,16
64715,98289
1836,2822
3005,20678
325,910
121,191
716,838
1876,1019
1872,950
539,569
2329,1489
114,21
11329,14248
126,78
147,167
229,1032
163,197
1992,491
80,211
4273,4674
132,240
445,271
1795,1137
213,263
61,52
4152,51823
604,187
497,58
124,426
731,433
310,771
274,327
183,230
152,219
7964,7756
22,43
381,418
524,558
419,407
239,490
379,139
482,539
127,121
119,266
130,152
706,632
81,229
638,536
382,305
0,0
508,949
740,455
42456,45303
732,1431
1020,1028
66,687
1443,427
297,490
83,93
55,80
399,358
531,255
151,819
143,219
452,1068
194,175
143,93
3481,3927
399,1488
9,1
745,1798
921,985
964,1837
397,523
745,1798
95,56
605,550
206,227
371,1911
525,387
41,19
893,2082
460,681
74,23
368,246
355,849
426,24
83,44
2671,7134
92,246
35,19
416,348
1125,840
312,500
728,2272
687,149
314,3611
418,416
417,346
160,161
310,2038
334,1099
223,43814
816,1843
10749,11409
13531,15813
24,5
1369,266
139,122
208,1208
355,259
155,318
198,174
0,2
105,107
236,89
420,431
199,68
358,359
480,499
134,256
796,501
243,10
23782,21729
54,1809
1223,1352
236,261
2002,220
147,209
2149,2171
311,323
5,2
85,106
966,249
1925,1662
974,1262
155,5107
74,40
553,265
488,1599
503,491
395,68
424,492
197,98
0,1
190,706
200,309
392,175
1144,219
7,1357
751,4402
1404,3190
200,92
464,489
51,34
243,130
276,346
175,126632
58,39
299,1984
530,647
892,822
156,128
339,38
226,228
499,80
0,0
630,2332
274,574
90,70
1953,893
1613,1904
175,418
144,29
497,229
368,418
50,133
208,211
36,212
257,377
147,23
114,40
153,63
100,111
76,40
35,7
201,119
122,135
84,114
678,5837
1470,1519
176,193
135,36
159,223
103,205
283,351
14,16
2940,1676
77,26
1299,17641
897,2901
903,463
513,710
390,505
1886,2158
387,672
1,2
352,440
3467,3473
2633,4719
436,579
146,118
220,122
286,315
96,98
325,132
600,477
162,252
1991,1712
439,739
1612,2702
578,756
139,13
351,360
10,6
594,533
287,326
191,570
59,51
67,263
209,340
2856,3440
327,267
3,410
1097,299
1039,1493
278,286
161,438
51,20
249,61
55,27
1065,783
484,338
522,544
194,482
399,252
24,5
974,17829
151,7
314,3304
181,189
55,61
133,129
45,3
40,7
188,557
2058,1010
231,344
1192,848
135,106
11123,10891
51,94
1324,1939
1278,2343
130,64
506,461
760,324
272,275
97,97
86,42
2,1
125,67
0,1
139,159
18759,34855
225,89
14,14
661,1399
0,0
1151,674
47,7
76,732
275,329
182,668
125,173
47,177
29,14
7674,6945
486,1053
36,8
366,736
387,498
0,16
17,374
5,67
530,478
773,1604
109,42
73,254
468,110
149,105
1878,1324
183,325
112,38
276,125
154,302
3006,4873
78,73
239,102
85,826
886,706
1230,1505
27,235
136,155
48,41
1150,219
399,571
396,265
386,557
35,33
4,10502
0,39545
340,135
449,1824
35,62
5050,8003
369,76
191,144
20393,19511
241,2030
106,31
440,124
999,1173
32,21
3,0
373,268
315,1496
305,372
97,95
564,586
297,358
516,139
5,1
484,524
298,178
225,3118
138,15082
83,86
8,4
42,40
670,1441
9134,10421
192,35
501,952
10,389
250,153
404,403
178,12614
299,595
531,336
495,187
1045,9122
955,1067
122,270
286,101
187,159
7433,18094
90,58
234,238
2488,2736
442,263
436,530
70,103
180,155
38,9053
528,83
378,503
25,20
448,1426
233,343
1294,1524
132,334
2062,2319
89,102
461,33
2181,2321
558,532
111,69
2965,3296
96,252
905,1389
2,6
45,7
578,290
974,2590
449,315
186,91
1907,568
180,104
830,1126
620,1191
236,288
266,312
1129,2247
1015,526
162,476
9500,13292
404,515
1134,451
361,686
948,968
52,106
143,51
112,74
48,100
271,45
678,764
79,78
592,789
115,117
904,750
157,127
298,81
99,105
211,175
145,28
149,185
211,266
310,343
15,71
651,827
405,573
79,88
232,413
134,145
880,279
160,446
398,12137
99,237
194,540
896,548
121,75
220,665
47468,47201
757,1100
346,436
281,311
382,793
322,254
264,275
10910,13223
90,118
456,108
888,1294
265,1510
874,980
131,95
20,20
507,516
498,468
485,726
426,445
399,402
137,35
1093,2856
241,82
311,534
185,290
129,242
475,1165
132,395
221,57
125,165
23,2100
47,29
347,483
2256,4121
583,384
955,422
80,98
1030,1765
244,122
2478,2362
0,701
1011,1141
1806,3155
311,53
36,8
239,4736
165,1436
194,240
147,237
461,532
137,35
127,286
203,152
5843,6061
212,549
740,3403
426,22318
51,26
62,67
2,0
702,1297
84,40
1015,1059
190,1014
12902,12914
1103,1061
2365,1505
6683,60539
0,0
419,470
223,45
302,303
617,529
208,1079
63,86
1258,1981
103,72
214,79
50,25
8596,10876
609,1433
528,44
535,777
576,171
1040,1202
44,1
2365,3680
47,13
82,75
28,47
424,457
272,476
135,9648
87,104
214,147
23,5
188,1074
27557,47888
404,1102
58,61
1086,1108
618,807
635,722
316,494
223,46
6,4
8437,8516
801,560
58,6
1127,439
55,69
184,285
88,246
150,1345
68,1041
1097,149
2073,6325
430,457
708,675
1003,323
541,639
1189,608
43,49
4415,2206
5462,7664
186,187
261,104
710,627
287,36
532,354
77,104
40,4
123,178
145,242
193,102
171,317
1,5
1220,1001
318,169
167,2301
926,1183
1220,1510
207,189
6108,5992
148,215
489,448
94,12
295,145
13,17
0,1
744,1075
538,334
3,421
734,402
158,599
166,104
8154,8310
598,133
987,952
1754,1410
1457,6226
36,36
314,641
241,158
72,186
328,2547
27,27
30,30
65,17252
328,226
126,154
442,443
346,384
615,3466
388,589
80,180
19,86
271,339
1238,1712
823,2020
360,118
3011,2855
27024,29448
216,222
1142,1459
3630,2807
214,5597
64,114
4855,737
326,337
41,364
5,0
289,149
803,2045
74,12
6,2
5,1
12902,12914
3,0
238,187
123,120
247,187
3264,14198
2054,1344
1020,1054
109,104
5,0
336,355
1559,2558
594,1123
265,3808
9,0
0,9
242,201
332,934
0,0
700,1266
452,547
409,856
267,146
174,1002
131,155
1648,1238
10447,10651
871,526
1146,896
233,52
579,682
675,570
460,391
785,812
123,97
129,70
118,112
3960,7360
1518,890
125,122
871,819
384,211
754,916
450,591
12,11
21,15
307,824
101,78
282,318
119,96
145,163
231,127
21,14
1367,682
936,985
1600,3640
1,0
294,580
150,200
109,140
1598,1895
287,71
288,3730
94,345
22440,22032
317,139
564,551
85,46
815,761
214,179
183,356
287,156
81,102
2131,2081
533,383
2686,10293
262,561
14428,13411
971,823
125,170
1065,490
9812,10037
35756,35048
244,274
259,252
465,470
1750,333
35231,38081
208,74
457,306
1305,796
277,145
779,728
334,262
182,386
477,262
114,19
191,916
34,179
843,1148
393,287
140,84
18,522
205565,211002
274,97
1569,1473
52,454095
134,135
693,669
197,419
320,1638
1927,3793
984,238063
2980,4967
950,857
158,136
298,781
15786,14539
1633,1115
1179,386
601,53
2032,742
72,38
212,110
433,616
349,207
371,315
238,279
816,938
265,274
33,52
2,1
1,5634
196,289
134,93
2300,2466
441,386
1910,236
103,107
433,442
593,231
409,1861
959,1268
27,31
1638,1097
228,82
96,119
85,85
22,24
1,47
334,913
165,49
310,236
1884,1685
1888,1086
201,784
61,24
165,136
45,25
32,11
638,1351
680,1101
110,75
529,620
170,213
100,89
189,45
115,144
150,58
4,129
347,115
589,1966
572,1666
573,513
382,503
84,130
629,509
3,0
19963,23419
210,411
463,236
485,75
3051,3113
11,14
370,289
778,1009
0,68
280,500
0,109
495,426
437,562
1023,1587
245,146
331,28
71,21
290,180
1803,986
389,701
67,1
2369,354
692,258
29,28
80,113
386,577
407,264
67279,74651
407,4028
262,138
359,311
82,92
336,727
529,570
398,341
246,1144
28,22
5,5
2,141
71,49
227,107
374,323
263,765
8623,17427
80,847
362,319
116,16
319,430
58,51
185,239
123,230
3,1
119,232
2,0
123,78
230,299
1379,1727
2,0
177,748
321,5328
2509,5889
897,756
2461,2423
79,1104
155,16
94492,87589
66,211
106,158
142,114
533,999
132,139
134,63
5,1
511,229
52,42
471,492
3,1
648,955
196,420
20,2
81,34
1327,1273
196,350
0,1
214,179
0,2405
546,463
468,554
218,85
0,7
124,118
663,1022
125,206
0,2
49,33
34,18
359,108
278,137
47,34
61,53
2031,1400
888,643
2432,2309
2022,3400
49082,250627
266,441
315,647
164,52
4825,12053
387,87
2,0
36,213
137,304
59,20
556,2080
509,418
1427,704
445,498
98,99
36,27
22,1628
661,841
0,1
110,12
2,0
225,244
1996,2293
13512,12762
12703,13245
542,752
251,269
456,469
108,28
55,41
216,218
120,104
280,487
24460,39879
1633,22291
242,2419
89,74
98,97
145,2
990,2030
1461,1247
15,103
400,415
581,557
1,1
664,898
987,2678
577,670
295,510
310,1959
1505,1596
16,15
174,123
1454,1680
534,370
7,899
300,132
697,196
170,865
152,16
2186,3871
64,33
1414,1577
2187,2657
3108,2824
111,68
40,2
216,612
667,761
0,0
415,474
40,29
619,300
11,7
193,102
871,1153
1,1
942,1778
9481,9648
1103,448
0,1
53,107
187,40
98,216
22,9
639,8694
1835,114
110,173
958,643
107,40
1003,121
239,281
541,352
10945,9953
166,5070
331,417
21,78
250,339
348,831
124,92
272,351
2010,894
393,168
71,48
363,276
108,39
6,0
434,1266
42,2
617,1119
625,682
341,383
114,50
6253,7129
879,929
1365,635
129,373
291,369
421,369
309,291
994,222
553,566
38,36
6,1
12,1
239,781
434,310
124,131
969,1498
651,760
45,39
580,830
65,49
38637,58715
18540,59703
551,193
228,314
218,180
9601,15810
4,3
290,219
232,31
1344,1423
273,111
575,365
92,761836
151,573
222,511
109,221
315,99
210,252
47,29
721,438
951,604
203,217
214,227
8853,16476
16952,18180
95,128
692,109
28347,28855
205,23
504,1674
98,1072
321,200
234,271
366,62
800,401
87,59
748,435
399,459
129,54
2026,948
291,1105
70,190
133,125
888,313
210,199
217,402
4117,4404
1567,2081
274,574
340,413
59,81
2175,2239
4,397
179,31
216,333
856,2238
5118,4916
93,285
116,110
3627,2083
1299,1175
79,80
18,13
202,286
115,670
200,224
294,196
1851,114
174,45
860,2558
5182,5388
382,432
715,664
240,261
133,127
230,114
225,98
150,115
6,0
5,4
526,246
2623,19881
1030,868
1330,1118
37,28
129,59
501,294
354,129
243,55
974,542
941,237
120860,144705
108,326
28938,33370
729,739
196,1875
264,665
584,570
121,57
30276,99941
0,7
1990,1073
236,160
196,638
3,0
31792,102700
36704,35716
694,1060
672,758
1856,1922
421,435
120,83
554,772
264,312
0,1
195,385
143,81
2294,2272
469,332
1666,1294
168,113
167,865
24139,25048
70,396
387,160
336,342
102,392
133,61
127,134
354,450
1994,1052
455,601
425,137
21,4
1590,1575
229,26
870,764
62,88
353,257
1990,1741
616,366
2394,2367
46,31
21833,40659
325,344
49,60
20,506
0,12
190,204
304,126
873,4116
30395,51362
372,9071
239,1048
64,155
502,605
31,30
13363,16833
296,510
134,143
71,85
412,156
46,105
518,215
47,49
464,619
1098,2031
228,406
730,819
494,1671
235,147
207,159
93,95
124,181
261,2519
323,323
261,291
320,393
112,123
183,637
1697,345
388,264
184,50
185,84
204,492
1908,826
1362,2976
1100,66
1233,697
538,614
86,136
193,188
349,551
718,729
1,5710
287,332
398,1152
197,115
94,48
1097,1403
56,462
469,598
398,159
144,85
75,249
226,12
202,201
61,27
509,7234
257,80
473,1168
103,56
133,149
162,578
341,654
96,2215
878,743
631,478
1945,255
2004,2095
1850,1651
438,175
150,158
54,17
861,1223
258,5
385,291
40,1238
870,1317
667,732
104,154
3551,3656
689,689
393,357
508,491
335,71
160,127
125,954
195,62
843,4418
6,0
398036,401212
4190,4267
53,92
999,421
93,105
428,299
200,388
940,857
5,25
934,971
84,2352
1579,1831
1649,655
108,127
1117,1229
481,525
100,98
36,40
30938,43538
25,9
123,129
420,567
361,569
1467,985
320,327
838,627
47,2
1288,809
310,243
597,113
195,120
345,366
2,9
4842,6004
571,725
238,287
1666,429
258,363
470,569
25,45
241,78
395,206
20,8
207,117
385,1376
20,10
18,1
169,355
1211,552
25,57
23,5
113,54
723,411
1710,2601
811,482
130,58
85,88
0,11862
476,598
688,704
731,796
1329,2204
2260,352
721,1050
234,281
171,15
643,221
132,111
62,336
231,508
456,130
149,48
396,15
682,176
103,93
4711,21581
133,196
78,10
516,61985
1319,950
1,32
396,757
337,316
1466,1939
476,6350
1902,460
194,235
1660,684
99,39
7710,7089
360,1480
264,352
48,37
5,8811
125,63
1001,1634
2709,2583
513,589
320,379
1619,359
15,38
273,295
381,413
172,311
11,5
0,5
145,113
156,171
226,291
264,218
279,319
1439,313
208,302
1785,4579
99,32
278,78
40,178
263,689
735,1059
435,1645
324,231
213,331
943,1108
1140,1222
494,6869
2084,3345
8,62
161,7
11,58
1316,1130
890,1189
118,1226
257,13795
16,8
877,365
2,0
21,26
80,431
360,217
1326,1918
382,1104
1158,1750
253,81
85,93
276,321
78,14
885,971
665,232
564,1135
780,957
405,672
1837,3977
611,490
597,1127
578,325
199,99
869,415
346,167
723,26247
14,686
74,226
4701,3934
503,939
70,684740
156,149
149,1005
113,376
2942,44615
216,516
219,221
591,467
111,341
409,957
126,139
5682,26176
381,383
1938,1881
1068,1125
211,113
157,112
324,309
130,134
791,842
109,11
51,2236
87,60
66,83
221,325
1290,1832
263,404
2033,772
144,227
468,238
66,61
1834,676
0,9985
16,1
155,206
290,705
126,23
814,1743
414,120
1770,1115
16223,51504
172,201
421,667
1961,2050
296,413
298,514
1479,3323
1358,1687
538,397
568,179
315,411
238,1535
47,17
345,222
15,10
197,248
172,305
283,328
442,2825
456,461
350,499
3675,4129
1419,1336
94,71
330,916
208,103
76,2582
803,261
2004,1411
115,94
424,479
4393,4239
212,345
79,139
120,68
294,315
4355,4255
317,526
0,1
294,161
249,230
479,2235
73,42242
35,41
234,35
94,145
217,560
675,1427
99,128
149,125
914,3377
17122,16444
220,3
1563,2160
331,766
201,116
137,197
26,89
153,76
127,354
20,58
427,204
402,596
40,39
796,1172
120,268
2272,9281
149,187
8559,8802
25290,31451
1385,1845
758,1691
2,2
589,405
134,198
1593,5045
349,286
36,7
314,49
347,435
626,599
61,97
136,43
520,466
113,888
174,186
74,74
4418,5390
86819,101098
466,507
994,868
6,0
198,199
92,1034
1068,455
17528,51922
274,709
288,309
1354,1460
106,74
1234,311
1065,888
4346,2700
556,1266
25,27
85,20
510,603
569,192
338,1096
213,64
0,1
127,132
27,26
32,8
389,1417
72,461
277,205
1,125
1926,38885
18,10367
393,31
449,34
196,232
2284,4428
336,485
1110,2013
599,226
720,743
981,4163
20,10
778,757
232,263
660,14654
172,209
297,407
530,953
468,899
151,232
32,19
3017,3235
1,50
3353,3248
108,57
15,10
478,329
51,9
62,45
95,34
110,173
368,103
1469,637
204,185
1934,1588
82,16
46,815
1963,2004
220,541
99,16
16,2
656,1469
370,33
8086,16961
48,1755
113,50
430,385
4591,7796
157,104
382,201
229,44
691,5243
76,505
375,536
0,1020
962,2111
42,35
716,367
54,113
79,118
761,405
107,674
404,202
129,83
130,135877
45,23
191,9
430,212
144,134
392,319
256,73
1451,1150
2008,725
342,233
569,554
104,27
186,57
406,634
2015,2295
58,207
1509,1790
548,163
118,128
110,147
977,974
43,43
4512,6847
37,35
492,895
139,141
253,201
179,216
508,1150
860,1304
4200,5988
191,132
610,95
151,53
4104,1661
47,38
16020,21504
828,818
294,261
635,825
2843,4669
133,321
82,18
890,1691
117,117
941,842
52,3
8,1
998,955
5,0
942,618
78,133
1180,309
1141,889
173,127
410,258
9,165954
374,308
5010,2420
133,87
40,20
178,2097
149,140
105,180
579,383
192,392
220,169
22,97
2629,3030
117,121
138,348
11,4348
1016,215
777,92
179,269
218,262
244,154
133,292
308,84
113,121
221,70
743,559
1833,760
1043,688
148,57
479,43
504,384
263,233
195,187
427,377
848,519
210,83
1146,896
234,137
1505,209
5,0
971,3554
534,526
8,1
948,1189
740,370
758,661
32,4
158,30
463,542
118,288
129,26
174,237
513,574
51,11
618,1557
80,170
385,389
264,275
185,193
886,1502
2070,1522
336,350
1,32
51,309
21,37
833,920
38,19
115,37
288,154
577,577
3256,11056
379,489
277,113
374,1912
873,733
109,51
1655,1682
1263,1449
1978,1274
236,257
9569,16230
2113,2432
239,219
132,71
48,203
1190,346
0,3
54,25
2131,1863
140,23
72,17
2957,2633
174,163
47,852
30,31
155,575
59,27
596,851
1274,1853
214,374
170,184
603,2821
599,686
420,1078
282,2547
782892,814475
149152,2116136
996,608
313,679
1374,1720
818,1092
465,472
1849,4079
332,489
1565,757
297,262
1533,431
587,824
235,89
7553,7591
131,182
104,24
465,472
310,199
568,695
61,58
2029,23371
310,207
872,736
29,75
418,441
956,995
531,276
2010,369
464,1710
610,1032
228,52
123,628
319,345
631,784
373,163
213,404
142,274
42179,116933
584,1776
468,272
15982,17828
968,3664
748,346
95,63
1,260
242,38
171,18
1487,729
972,569
796,1239
174,320
3874,3521
99,71
76,76
471,490
38,7
56,458
71,39
247,23
680,532
2683,4235
54,20
84,20
375,737
93,64
476,707
142,153
734,1251
679,557
137,173
165,120
312,189
651,701
232,259
120,96
960,94
63,28
1353,1884
71,1053
115,103
1352,1290
213,157
127,168
208,143
162,144
732,922
0,1
835,486
305,232
2780,21191
118,95
336,885
156,153
105,70
936,1086
135,210
714,745
76866,93977
1,0
350,56
13,2
655,354
1150,68
80,76
657,670
255,236
1308,1599
107,331
8,42
128,806
32,13
283,86
85,49
21,608
185,199
1880,185
241,96
1087,2172
125,1863
211,214
538,587
732,810
272,434
243,294
50,34
12,12
34,121
131,38
339,985
155,136
660,1167
46,100
46,86
232,271
32,42
2058,961
855,479
657,688
704,5736
458,314
11,14
374,909
2009,509
2044,753
90,69
235,110
689,145
801,387
403,224
363,1151
1,13
111,56
80,2807
734,288
505,537
15463,19659
60,79
7,4
2,1
197,255
0,0
851,659
422,532
381,1410
40,68
1043,1300
1398,1712
324,898
122,43
637,841
7542,9503
867,1824
223,674
312,366
71,146
7,4
135,127
587,58
125,72
1398,1712
128,138
7476,14575
338,199
65,31
513,230
99,140
603,253
697,1137
1906,281
1556,3074
404,201
574,2328
1783,3276
239,176
460,1356
321,1036
341,831
175,32
1303,4819
90,42
2027,1242
276,323
202,112
360,368
217,104
1745,1984
1469,197
17,13
220,452
34,2
595,215
55,53
39,1
1,0
1057,476
5,1
2253,2053
350,115
1902,283
74,98
3,171
155,101
1793,76
111,49
148,173
3649,5136
16,17
453,441
1806,98
1800,798
325,291
38,303
459,986
360,185
741,706
1802,3390
404,251
294,298
189,594
2014,1580
217,517
517,25826
419,126
290,934
305,11302
320,581
861,349
122586,191263
312,181
268,2748
1565,708
995,362
187,298
99,439
520,613
155,203
5,11
1071,1634
368,283
293,187
1369,673
244,163
274,310
256,66
370,653
996,1206
2098,374
249,403
927,43
70,22
573,1912
40,10
556,607
59,45
1271,1423
32,13
95,128
622,210
439,186
414,271
60,28
42,50
55,46
398,370
398,135
648,373
2017,7456
563,355
127,330
374,97
685,746
446,505
92,52
303,529
523,24
531,2196
125,130
216,249
110,52
118,98
46,91
122,26
623,323
1655,8824
983,2383
356,332
632,670
14,5
13222,14957
341,967
196,3920
10280,9344
142,211
861,660
606,395
6854,7489
5975,7116
83,2781
509,565
8770,10123
255,326
134,504
9,44
4697,5177
6838,8171
350,199
136,76
433,211
169,175
0,15
139,194
3087,1032
294,424
491,1132
455,431
501,991
1107,1039
352,356
863,42607
195,95
683,3737
1911,2000
676,774
251,529
146,16
1707,83
24,2
1888,1281
41,47
58,757
236,319
158,528
229,226
1512,3417
452,434
740,840
31,40
1077,445
2976,23399
57,46
1226,897
216,181
468,278
797,937
232,352
587,453
335,165
287,87
82,287
1075,1293
1109,482
25,64
183,7
291,75
1844,304
26,5
429,363
12,0
219,226
395,894
10,58
1442,3939
1,109
1015,1112
166,233
323,411
74,160
0,86448
907,1100
85,55
850,16608
114,34
445,353
374,264
254,5229
1,0
921,117531
2047,679
172,185
347,90
741,429
488,2602
81,89
399,255
195,162
450,2819
9171,10687
216,115
259,51
149,515
1599,2961
2109,1467
13,240
193,79
15,24
127,96
38,32
224,1889
38,4
177,361
32,25
444,418
769,288
235,483
2357,2151
1751,99
458,190
7209,10963
64,126
1037,628
27,175
21,25
108,105
10,1601
261,261
226,71
1,1
343,2109
829,939
129,557
0,4
219,60
569,320
39,17
1732,7802
721,256
68,51
1969,3307
5486,5485
7,4
65,2148
0,1
1695,488
535,509
48,296
1412,668
7,3
859,217
46,17
357,557
0,0
11,0
97,219
192,229
1003,2177
7,4
252,1672
248,218
2463,1487
2627,3723
473,535
668,657
43,85
694,791
39,111
8,5
55,17
12834,11801
21,14
199,151
321,905
152,89
122,94
110,459
26,1
494,590
53,42
235,636
118,45
2,2
2033,3883
107,106
43,17
50,91
6,6
1009,18266
1949,774
110,459
1691,1146
872,270
183,206
142,158
91,11
271,259
395,323
2,0
5,0
229,300
209,710
63,45
130,617
8,5
452,434
1541,1600
226,125
649,3510
22,76
1246,244
1960,1607
489,435
1651,740
134,1086
125,152
90,89
1316,478
15141,16859
202,209
163,388
297,282
4774,73650
2019,1252
124808,238845
116,142
417,143
5,11
115,34
854,901
2049,736
335,692
1577,1664
363,379
0,0
201,480
550,1034
4774,73650
93,7267
5828,5308
680,490
511,539
45,1
689,1558
534,1677
378,1127
1641,201
2507,1045
1589,1828
271,297
44,42
1259,1184
410,456
179,229
234,88
132,37
9943,35047
5,72
538,469
147,413
630,347
2021,8898
9,13
122,375
208,639
132,1270
45,11
498,689
1188,1432
369,129
1173,751
428,474
39,43
407,508
422,548
753,1692
1873,2633
1,154
691,883
6131,6297
255,315
298,339
170,6
238,371
95,53
145,151
84,48
131,257
438,286
181,6586
1684,535
137,144
128,56
186,169
186,200
71,527
1088,1560
84,42
282,697
659,867
1300,937
8875,11180
2031,1039
1411,348
1019,574
2000,1049
96,67
924,796
427,698
47,370
435,614
1109,1167
188,1569
1256,562
787,952
651,365
198,357
2,0
960,266
88,33
316,225
710,135
899,1010
2561,4397
46,12746
1989,1216
1,51
55,137
98,76
146,144
3224,3251
915,622
1309,1723
1987,564
165,655
78,29
593,606
251,1138
550,891
118,116
921,1680
127,34
1500,534
606,830
95,75
20,13
141,162
80,80
1,545
7268,10303
375,362
959,8560
32788,34855
3998,4159
30,62
137,15
251,958
1303,1297
671,154
61,77
245,288
1883,1104
203130,216356
403,37
112,62
826,356
41,10
360,1693
2088,457
389,3801
1578,1620
145,99
1705,1689
1,4
345,37
0,0
171,1178
70,191
74,55
69,147
1068,91
804,645
5,1
232,250
293,228
438,428
59,48
440,213
970,1273
435,202
190,823
90,83
422,889
235,290
1285,554
47,21
523,545
321,434
282,1128
3,0
63,469
121,108
28,68
349,552
337,627
25,20
4,212
374,634
0,28
130,101
213,34
208,298
1888,594
243,84
153,282
94,139
215,37
17,5
281,64
235,85
620,997
216,909
78,319
391,803
63,6
1689,599
237,241
527,1113
181,8
79,19
18,1476
152,55
1098,504
467,549
61,8
636,914
225,22
2492,658
2509,91
103,99
302,619
228522,227093
484,702
57,6
18,115109
520,1250
96,37
61,578
73,51
373,643
224,203
48,4
354,722
119,109
260,564
115,24
88,1
49,12
147,19
568,348
138,120
213,35
1030,706
463,189
15,17
232,59
40,6
63,334
1222,2403
17,13
154,75
158,148
688,256
3600,5204
739,977
541,1293
1093,600
1653,1756
954,1217
371,1897
90,215
29,58
549,840
1,18
449,111
3135,7797
117,121
98,23
673,570
1068,370
498,205
123,68
695,1027
1738,1226
170,108
24,2
714,885
112,105
1969,2723
802,186
299,635
424,457
215,181
0,1
781,737
164,259
1181,324
363,276
268,364
0,224
62,175
215,78
251,22
15,15
1003,439
263,659
52,1
55,6
50,9
608,425
1939,159
2198,1797
556,447
1608,1747
468,1238
239,117
391,436
96,24
129,1518
850,692
160,197
264,1309
49,24
217,402
1291,196
398,579
680,811
196,209
25,25
134,216
40,42
291,34
199,154
103,199
14,22
90,56
1987,704
153,55
846,1025
18443,37560
453,408
318,390
1071,1084
1872,2577
194,106
1817,140
388,310
484,627
311,379
1103,3302
337,91
1,2
3080,3235
192,273
2,24
320,790
134,92
568,944
1040,1480
14599,25457
40,30
150,137
2,1
630,185
4,4
441,155
951,1056
551,1341
801,909
581,1217
82,102
490,228
181,1042
61,67
229,183
3313,3308
26,33
1078,1377
35,20
71,141
14788,14178
339,205
1624,2173
268,485
4760,5954
553,563
3460,3508
332,350
158,173
1086,1041
208,42
1,0
193,146
271,98
86,11
64,157
62455,68827
18714,22056
354,374
4274,19054
2335,2481
13,2
2,0
1570,334
617,1301
168,428
90,100
100,103
463,577
49,42
663,494
2,0
0,37
1,0
376,128
1199,929
765,4821
2,0
58,9
764,461
143,46
818,542
2053,543
100,1484
395,1427
709,699
1643,640
139,119
86,30
275,320
310,161236
285,1047
338,219
374,99
72,97
274,108
234,211
2226,2032
576,2101
45,23
674,246
99,142
0,1
179,29
53,21
102,2173
727,1920
170,321
432,908
238,259
109,21
1986,987
374,1285
143,147
1637,609
30918,28210
29,62
37,1262
455,101
217,180
167,328
321,114
155,324
96,155
2495,2630
1369,1137
122,129
366,1726
714,718
13,157
705,385
4063,3539
818,511
285,844
52,38
577,738
713,1039
515,543
102,85
112,739
294,252
377,749
45,3731
349,684
72,717
53,452
15,125
156,329
0,37
14284,15015
72,717
1100,1355
243,298
193,40
221,246
1738,3021
39,2
891,531
305,272
314,745
520,555
176,159
188,233
22,22
262,186
8247,35246
255,133
340,144
1476,4494
47,413
32,934
209,1559
67,30
530,1303
1822,1579
248,824
0,95
762,454
1206,3683
0,17
1248,991
237,254
953,2499
669,2096
1891,409
62,13
254,703
508,1588
291,542
3598,3294
43,1
200,53
49,1
50,2
427,372
5002,1782
1066,1071
54,31
275,828
288,297
108,76
573,405
181,269
2079,2076
2589,1916
782,323
5,614726
736,124
583,542
1733,1977
1886,145
95440,101427
31,19
1159,1222
147,84
174,254
47,2
861,1019
1782,1977
160,22
50,2
1145,874
315,538
542,140
19,32
469,7321
1813,197
13571,15094
645,396
13101,15306
2,0
3143,3291
848,1741
1108,1141
569,150
2408,2601
19286,17878
420,476
1431,1596
77,171
4355,4042
110,91
90,102
8649,15584
685,394
241,395
145,135
1062,912
182,295
11,10
80,37
177,151
179,140
134,134
365,384
289,221
155,184
292,343
284,1418
295,710
2028,28
139,194
260,60
307,479
1320,1389
378,1091
11,6
237,285
62,89
634,523
948,1069
366,206
187,100
44,24
237,1119
204,144
290,302
50013,47861
105,99
50,84
220,212
111,230
682,1267
485,158
36,5
1131,1817
357,375
930,728
1839,1776
872,742
1109,1314
519,354
2219,1569
35,1
241,264
1011,848
936,3168
1918,1671
442,531
130,42
257,155
11489,11578
213,151
532,647
5,3
74,120
1512,1073
464,251
0,5
146,15
83894,279219
70,39
1765,1142
19378,19399
4964,5270
1757,2428
232,206
389,522
2116,1428
470,549
234,109
184,21
0,79
2561,1915
286,185
161,1250
745,281
27,26
45,48
224,122
0,17
347,214
312,479
46,2166
352,3339
101,49
232,161
470,2771
197,283
548,491
645,891
270,358
555,2849
0,2
563,34210
3669,5151
18,23
687,1458
267,154
179,366
66,49
191,210
143,157
2149,460
421,197
170,222
1679,1144
577,501
170,153
153,1079
383,5927
2853,24392
469,540
103,201
1059,1954
361,157
882,545
408,562
20,60
52,9
2083,3382
3878,4179
210,161
2594,3490
135,8505
32,264
231,140
295,160
259,172
4074,4162
1452,2277
1957,2403
1177,843
521,107
0,481
1329,1175
992,765
61,85
1034,403
577,32287
1317,978
168,721
303,175
758,51810
265,63
27,39
2007,245
112,120
492,335
426,130
94,77
126,56
58,20
1263,689
83,1287
427,1070
12710,16237
730,320
181,88
61,9
91,127
18,15
258,511
315,714
42,3
62,8
890,12447
1398,260
1219,1230
732,6878
70,76
1205,1252
206,242
167,323
298,306
98,1902
301,119
275,828
162,171
4055,4616
143,226
75,73
67,73
323,772
460,652
2659,2547
34,28
61,15
8004,7814
148,85
42,4
717,24
271,414
168,225
177,91
109,119
688,870
918,203
23,22
290,2961
313,242
356,398
40,44
2499,17214
0,25
763,368
215,173
374,355
48,10
756,772
584,633
413,408
3022,2552
1922,2039
1202,947
63,65
12493,12930
591,3258
542,919
1246,2339
23,23
1687,347
587,789
1221,368
38,40
1,7
373,461
752,738
105,347
205,123
521,766
334,159
1,6482
168,539
447,10012
32,31
999,1813
413,419
174,73
11,390
392,336
5,10
476,34
34,34
233,124
130,24
727,674
187,122
111,104
0,4
115,112
1080,204
3105,3393
1973,965
7,3
1132,832
571,289
515,1056
2157,2293
257,513
419,363
14,1
1350,623
90,125
771,120
670,556
8,0
114,34
2682,2435
38,241
826,173
15,20
521,284
47,16
79,75
41,344
191,82
416,2294
541,316
293,177
613,184
8975,25370
3557,4262
179,195
2,0
125,28
178,968
582,1397
191,136
1484,10564
189,326
11,8
501,461
30,2553
86211,133715
9,7
2010,930
8039,8925
0,0
71,64
44,1860
350,623
438,208
43,418
194,186
487,1200
1,1
0,2
47,57
275,828
96,211
182,142
187,279
2715,2802
2758,2861
288,13037
580,896
72,62
33,2600
898,948
373,763
84,433
251,80
48,23
190,217
194,196
935,1123
1456,469
83,20
773,1085
1675,422
84,65
47,42
0,0
288,740
557,610
3038,5017
715,265
5639,7803
0,3035
7372,6723
816,691
445,551
437,900
2052,675
5371,5169
608,3002
473,225
1049,1102
11,390
7077,7365
1073,1081
1108,1200
608,452
723,534
376,169
25,27
136,141
180,61
392,216
819,650
449,323
168,345
206,143
292,332
188,159
118,115
313,517
126,164
92,357
271,272
521,371
704,1410
412,646
40,10
231,160
517,460
731,1133
1369,1002
522,1681
1445,966
484,142
240,2286
731,295
951,559
269,132
118,137
453,607
829,517
17,10
249,642
937,971
195,138
1573,8515
15,78
286,645
54,12
40,6
266,1242
0,0
74,12
2013,1290
66,17
1713,725
1753,1514
510,433
23,12
0,15
1235,1353
858,348
66,5
111,105
401,497
865,436
740,768
58,7
786,460
19,4
1914,255
87,16
820,1270
192,150
7209,10963
2034,550
308,382
1102,1088
66,11
209,527
250,302
202,430
376,341
621,1249
1554,2586
180,374
125,397
66,81
78,52
122,134
5,1
2757,2815
23,10
15,7
618,418
3,99
53,71
1567,1545
38,37
199,436
201,88
75,167
2173,339
87,75
10120,9285
122,136851
242,276
0,199
114,102
357,556
1135,970
7119,7135
105,165
572,436
632,643
70,113
129,5
187,207
712,469
688,729
5,1
1164,1279
303,463
52,3
1997,2155
54,34
132,69
168,262
744,1634
107,8
528,416
702,20254
352,608
124,55
3,4
258,217
353,578
338,836
105,147
5344,7916
153,191
537,121
239,244
105,91
152,29
196,217
92,95
436,2218
65,40
293,246
120,119
106,110
214,81
56,19
1318,1342
594,909
162,393
1461,48
202,132
188,111
91,1223
113,102
1039,477
199,304
90,51
0,0
436,389
331,382
1144,1488
159,578
140,14
473,768
139,33
2018,800
233,355
158,92
837,1098
3,0
335,348
1204,224
207,153
574,780
705,685
610,3348
825,513
11,117
21,5399
1475,1739
95,94
270,349
2464,2807
246,269
66,105
26,23
1029,1359
16,16
598,727
18,2
509,5900
1391,1546
2007,1608
207,243
465,354
171,243
1041,1519
68,15
108,666
5,12
1434,1755
1198,1235
76,499
164,1590
1146,896
1508,551
224,672
950,676
141,2929
4,299
300,427
668,457
56,4
49,124
144,83
3471,5109
22,58
663,625
80,86
50,79
210,208
886,2811
1846,3037
92,1450
1017,3572
3179,3660
511,416
1142,803
341,353
797,5461
196,189
1494,1279
472,346
731,336
814,57
275,301
229,260
64,150
41,34
237,204
0,4826
429,288
85,89
227,161
191,57
578,388
155,4317
139,194
113,1666
123,114
314,582
1485,2697
490,896
510,65
292,366
222,307
2,3
111,61
925,814
1920,12977
0,1
248,172
44,34
491,1086
172,201
1078,1430
199,179
755,891
52,11
704,380
393,415
322,176
4102,4280
9109,12026
179,155
15331,18706
35091,37896
196,208
322,801
7476,9489
3778,6121
4205,5692
873,256
808,1015
228,276
590,750
203,1892
998,568
367,387
93,75
6562,8415
371,379
217,683
374,542
552,1391
83,473
320,180
349,496
802,870
723,5544
50,5
83,258
2515,3134
6,6
234,239
78,17
458,435
882,1980
27,103
250,431
47,64
70,117
436,416
245,14099
76,360
581,486
0,48
101,122
290,982
1998,1016
245,305
17,290
318,311
12,12
75,111
276,153
23,30
88,252
269,310
422,447
82,59
182,352
4275,2362
216,318
3810,3204
629,409
925,1981
747,142
1592,686
84,1261
29,7
61,8
1236,883
4691,7302
580,1477
420,234
5,2
221,74
99,123
44,11
109,63
865,458
512,333
78,85
536,1499
492,515
47,11
1797,483
160,112
571,604
280,276
2025,1307
701,734
932,1719
2573,2286
193,361
41,41
10,3
269,59
2069,595
494,231
239,259
45,219
153,155
340,209
36,178
115,108
587,324
7964,13577
1175,595
1,227
218,222
5,9
38713,53902
23,22
66,31
148,260
174,193
393,717
277,51
690,2075
4,64
232,230
121,129
228,257
16,17
735,426
661,1001
1857,463
460,296
2253,1266
1501,1425
736,1314
379,336
1045,1236
29,35376
316,231
104,17
49,42
755,1104
117,32
717,995
213,454
25,47
879,1033
221,225
78,0
31,14
53,66
242,271
404,121
801,553
2523,2382
51,26
155,165
881,371
31,12
1614,799
19,3
70,333
89,115
119,75
292,285
350,159
135,151
209,173
127,108
2116,1014
8562,10975
129,36
277,404
45,121
2,1
40,7
10592,25471
43,5
1998,1619
40,9
1924,1385
392,298
39,59
1874,1447
99,80
634,668
74,88
99,103
363,458
516,1132
2025,1601
5,0
81,66
52,20
257,263
880,1494
64338,85080
91,248
226,120
32,35
27,26
334,475
80,56
78,103
233,230
64,59
596,580
1590,818
90,192
45,3
934,1558
139,201
198,424
1584,1714
852,887
598,449
69,256
495,4479
139,19
337,1269
1570,1128
89,79
475,81
310,428
1319,1380
13356,13801
75,195
83,117
130,45
160,17204
14,15
321,460
279,126
40,2
303,413
51,13448
788,1334
509,706
425,88
1108,1141
130081,169233
126,123
5906,6034
218,167
340,572
271,349
1124,1108
9958,10065
615,667
1594,990
460,473
339,378
216,171
144,145
99,250
299,502
1046,387
430,507
260,396
165,65
9841,10810
1023,1207
1111,1529
1570,2372
331,145
349,439
429,955
139,76
225,197
1914,94
32,19
613,877
175,165
69,34
99,548
152,64
1095,390
221,178
359,383
983,448
616,527
349,400
673,665
2022,2161
349,261
448,457
611,855
305,46
682,154
3,4
448,283
196,13
56,3
40,35
180,215
891,1248
6112,8541
676,1215
361,1083
570,278
313,199
196,571
6,5
1775,994
509,495
682,1741
2792,4030
1030,168
92,62
49,21
101,16
209,221
2047,1567
6145,7343
6,155
299,362
324,504
5856,12845
650,269
14719,54027
402,274
164,99
58,36
536,343
13126,18631
2074,1891
158,186
28475,28069
136,87
38,0
27,2614
332,280
599,553
24,8
15,32
408,220
453,469
935,561
4820,6421
293,190
417,403
379,348
39,28
25,71
73,169
222,122
158,161
0,4
2,204
273,761
45,56
2321,2281
340,1206
744,165
0,68
106,675
485,684
162,123
101,1093
12598,13467
1883,1758
596,744
190,302
52354,47819
6,5
147,327
240,150
87,156
396,519
735,713
201,1277
338,595
133,98
6,2
337,295
1650,2324
185,167
830,835
2238,11668
33,70
430,719
433,216
369,200
90,54
3879,3766
155,165
38,116
731,742
484,683
1364,406
403,893
1212,334
8414,7787
109,0
1167,775
173,124
111,119
0,1
107,88
54,48
56,1069
434,229
40,2
1994,891
468,465
697,399
3,0
226,196
40,17
232,17
114,75
1291,410
304,615
12162,12164
446,402
6344,7312
76,91
0,378
213,216
372,375
6979,26176
804,799
40,316
203,157
4892,3002
46,2523
10,68
760,106
22,18
1399,108081
688,367
52,9
1,350
294,196
131,41
750,691
1228,536
990,679
459,699
117,66
74,356
335,357
216,453
432,3696
1493,1170
66,182
0,3
703,801
196,439
20,1
181,49
3748,5037
149,51
71,342
537,598
1910,236
352,364
7,53
185,2613
269,2769
192,689
111,877
3492,6460
1628,1427
1744,962
243,299
80,79
272,538
157,183
163,75
2054,1054
169,1106
572,745
196,727
381,700
204,185
29,12
140,288
101,98
207,183
424,339
1036,1647
174,98
31,41
57,127
124,174
281,413
551,589
388,313
118,19
1735,1249
118,15
1689,1839
172,140
1677,82
107,68
1633,697
148,104
112,283
210,1075
169,157
43,16
208,83
1301,1111
85,90
18,13
362,331
817,943
209,64
409,396
1919,1425
47,2
489,1014
46,9
1709,2926
336,372
45,6
274,189
99,140
2011,813
133,78
1136,354
404,233
18,4
61,48
69,270
20,5
567,458
106,97
49,2
1886,332
95,77
874,1608
162,146
367,571
725,2058
257,327
2058,1245
189,154
85,45
45,6
202,133
486,513
346,918
841,1532
461,446
2526,3739
183,71
329,428
218,306
627,497
174,130
123,159
168,181
654,703
145,317
77,24
242,63
534,1430
392,459
148,218
996,2502
90,23
138,11201
103,95
182,65
424,381
400,662
500,824
44,18
1225,391
277,172
1126,2369
140,119
109,2625
18,6
198,217
3461,3457
63,26
738,620
1454,1333
162,167
946,683
0,1
182,1
535,543
3461,3457
1003,599
195,136
29,29
353,185
72,134
2707,4934
178,143
543,218
202,577
213,449
224,330
908,182
676,793
90,2854
394,133
41,99
633,202
176,645
843,125
152,117
64,50
87,54
291,1135
179,237
6277,12418
6881,6913
239,1186
2442,2253
2,8
1012,1123
24,7
41,8
607,936
801,213
887,986
396,222
385,397
98,1740
141,210
495,648
91,94
40,7
414,385
952,2288
48,21
66,229
41,22
128,281
368,103
47,17
908,414
189,234
148,24
198,693
543,294
302,297
1,2915
401,24
72,235
827,493
4005,4094
1972,3980
473,34
1228,2523
594,42815
291,394
9,10
139,118
177,166
578,677
101,187
485,793
116,1249
165,398
200,323
2142,1812
395,300
27,38
240,205
0,6
58,97
519,451
98,106
315,139
2381,2277
321,239
34,7
0,142
158,127
10570,29368
172,1045
114,112
11856,14422
109,111
754,416
223,235
33,23
73,23
1995,696
109,103
34,24
408,441
565,94
205,350
1878,148
348,407
51,14
297,239
541,352
439,447
48,34
170,171
403,1623
1953,535
320,5036
122,570
709,1050
498,177
866,1188
625,617
282,446
2260,2449
805,1718
140,198
132,374
361,2047
46,119
42266,41728
309,405
74,107
71,134
65,24
217,122
1103,576
162,13
4875,3392
199,446
74,595
409,360
664,1156
611,274
600,693
303,686
908,189
1253,1807
3538,3219
66,161
929,856
821,654
705,832
669,689
155,331
379,357
197,598
233,121
702,7115
40,13
341,396
228,245
17,7
465,536
362,113
140,770
6832,9485
797,65665
137,204
1562,965
90,177
43,23
1496,1160
7,0
251,178
66,30
5641,5156
2491,5039
183,113
30,0
1559,1039
1982,1587
60,47
859,674
139,392
254,356
2126,1010
1428,1990
423,441
97,29
389,487
872,1295
463,292
8634,12810
46,1
20,3832
226,294
82,1083
2751,20972
390,1417
543,959
254,356
541,265
448,669
237,274
24,39
103,115
353,656
52,20
41,38
71,170
1400,1378
999,1957
209,310
19,3
16008,16523
146,183
460,710
551,294
419,808
259,705
323,439
401,146
222,281
419,1024
798,446
76,24
602,217
307,55
58,9
585,726
62,88
374,462
2249,2156
353,78
411,515
621,504
0,74
5,0
537,119
185,231
548,597
4156,6194
42,271
245,287
60,263
34,11
2004,503
338,124
46,43
255,712
96,390
201,159
505,696
200,286
289,453
1558,2041
464,310
438,174
172,20445
103,63
207,170
129,105
1815,1267
1897,2824
109,60
372,95
252,93
366,360
272,288
126,154
171,216
78,29
574,477
129,127
100,112
627,361
67,34
79,61
908,1075
85,21
40,15
2089,2903
478,2
1795,1559
101,55
50,47
57,38
503,11810
47,52
770,663
50,28
106,4909
180,126
315,99
361,216
71,4338
202,135
897,1328
2337,1170
27,135
239,259
1399,239
181,2829
214,198
345,227
1662,1150
611,533
148,617
2060,1845
1045,1151
1,5
1973,1081
1038,1047
2303,2432
92,90
347,280
696,680
410,321
709,522
916,1335
687,475
2003,1912
331,279
278,1113
277,287
7,0
67,119
2677,1583
222,612
5195,10700
658,1399
62,405
1016,527
4989,597
1324,1418
611,7981
188,674
1358,1687
803,1944
872,934
214,76
0,0
13,418
199,2384
363,481
11,7
172,13
198,293
1434,1024
212,290
757,675
187,125
1,0
379,307
455,129
234,250
8461,7695
1559,1263
221,247
581,316
974,111
213,667
102,81
128,112
149,416
100,26
2520,2293
876,711
1610,1484
2716,2792
9601,9199
394,180
84,274
13,6
14395,16866
142,190
40,1611
69,95
1882,353
28,94
454,420
176,168
1144,968
53,31
334,261
984,895
1023,603
223,176
75,58
612,745
2690,478
528,501
255,239
55,111
260,397
70355,80821
351,299
89,266
2022,2072
162,173
103,155
9203,9273
178,124
105,27
127,163
877,457
445,279
260,329
132,336
326,2949
83,15
51,70
495,369
149,496
756,1188
644,1421
0,0
76,51
328,61
531,758
293,414
680,273
96,287
365,244
9496,11001
10572,19987
804,325
364,194
261,263
93,210
30,128
268,161
279,447
92,974
348,3416
2742,3587
60,11
14,443
86,318
801,637
409,880
115,473
88,87
110,139
1402,4639
235,498
216,256
288,71
274,314
154,225
107,86
552,667
65,269
937,1169
70,41
28,8
283,254
232,294
27,50
415,164
1978,1228
136,133
519,521
452,397
304,363
15,6
73,1671
2210,2345
732,780
400,1038
521,173
769,2403
286,89
71,127
205,385
17,1170
554,604
363,313
120,130
26,26
13,24
1987,755
308,652
56,90
83,149
244,512
761,1265
318,1566
187,515
84,80
78,227
413,310
277,391
1936,1043
34,16
1536,340
33,148
391,2178
350,294
98,310
110,82
764,865
178,50
10011,90737
786,854
272,534
950,397
29,38
146,250
674,1431
1997,823
384,474
1710,1723
0,9
2810,3573
124,179
23,629
273,168
11,7
455,73
70,91
326,143
173,275
351,268
18,180
1912,1561
13,23
164,305
248,282
2053,1036
131,115
151,215
1798,2354
250,184
283,312
9,2
279,88
367,82
164,43
1670,2587
326,2949
36,44
717,470
98,246
2889,2628
518,216
18675,20783
79,45
185,2530
468,238
303,188
418,311
60,132
74035,76809
58,58
495,845
842,605
1776,2143
832,560
13503,20240
89,30
4641,7679
92,74
609,533
57,62
0,25
561,1902
20689,20080
2337,1170
2004,412
219,55
151,107
40,40
449,1763
870,307
107,24
459,544
102,10
2330,1664
9392,9233
38,44
0,3
165,436
708,791
83,169
136,131
96,110
869,1176
618,625
211,177
832,13
3,421
744,301
361,363
7,202
68,867
39,16
187,811
1249,2054
98,92
142,123
37,21
0,79
2747,2550
232,546
418,167
175,1285
9047,180398
93,33
953,548
303,261
197,337
457,439
810,220
235,1986
205,1595
220,142
130,402
3328,3820
6067,8997
394,443
2,5
69,1
1943,1655
449,463
572,240
2747,2525
406,112
128,157
39,124
60345,63480
37,9
98,188
919,997
33,31
135,263
1084,1039
177,327
619,1075
628,545
682,547
12,16
40,75
7964,13577
115,60
181,192
914,1047
2701,3144
126,919
102,159
861,961
289785,292560
63,56
6389,7191
1,0
1983,1422
29148,27707
2518,2353
105,119
230,88
291,626
6062,6036
71,105
143,277
105,108
198,132
6,0
476,446
2618,3214
2019,999
176,188
43,32
336,434
146,102
170,82
53,103
785,600
696,500
627,642
322,197
233,224
66,17
175,191
50,221
385,216
322,258
11,9
120,254
2465,2174
158,96
56,46
389,19
1706,1704
143,374
1747,1551
32,34
868,1490
1959,691
119,133
383,30
4227,10648
314,1169
117,24
2,0
89,10
10,8
1180,309
211,22
353,320
260,1212
323,182
84,41
1,0
382,159
1556,10975
2268,3431
123,88
626,493
257,579
112,145
61,45
679,1055
309,1515
1621,2254
1005,1170
72,461
683,664
135,155
72,148
1683,2169
483,422
931,277
624,50
187,216
503,315
2017,2298
997,515
454,797
90,21
267,283
255,120
134,81
380,37460
965,1062
154,104
307,1566
244,0
134,631
1736,2540
684,1056
332,923
297,260
44,38
4120,4412
24,470
218,153
4602,9596
56,1770
6,6
2009,1513
521,449
15,84
5,1
371,778
575,272
1009,665
2014,739
43,69
99,43
0,50
790,8955
133,151
114,159
39,7
137,145
5,1
1460,1368
62,113042
292,293
2664,5519
313,70
1732,7
295,4089
649,735
83,466
145,182
241,265
275,265
283,298
323,23
1910,1786
394,440
185,900
9386,10181
5,2
404,798
64,21
267,308
534,61
113,110
220,2041
11591,46159
616,493
39,78
331,470
1031,1150
1720,6
1977,10
9,1
28,5
107,33
159,265
76,66
40,85
208,17522
56,2638
18,164
1,8
52,1279
344,390
5,0
341,342
118,90
517,212
930,565
4935,4895
182,1705
158,21
46,17
739,565
669,367
178,314
1983,334
81,156
59,2442
1673,2699
624,302
3,0
115,102
29,11
363,1151
101,107
560,374
2780,1786
571,743
332,302
585,608
435,426
422,489
270,271
1989,1469
2718,2851
1968,587
65,19
95,30
166,68
376,55
152,257
362,373
1994,260
465,362
0,0
319,212
126,50
1658,929
8009,7350
1416,555
91,43
3260,3552
1284,695
0,61
97,118
16952,18180
66,67
270,170
40,2
3064,5205
278,282
2969,3613
854,489
494,780
138,96
89,1852
95,70
187,489
632,841
2775,669
488,618
168,99
485,265
179,147
56,30250
96,168
775,604
267,737
658,37
210,441
193,91
217,287
207,177
39,260
592,717
2763,2199
549,408
2038,596
2029,3374
421,240
50,46
404,188
5466,6016
40,34
440,194
182,153
331,1056
170,193
480,831
1208,1136
795,177
12742,17304
10,3032
4326,3760
42,135
169,116
580,984
660,658
1468,748
298,227
1408,1519
43,6
136,30
220,1341
2494,1411
52,219
265,370
7839,7833
254,68
222,442
270,21
5,1
175,338
90,617
1904,3219
2325,491
188,156
630,1744
823,544
77,62
112,9781
1,1
5906,6034
410,202
304,706
372,142
626,95
234,101
28,20
1111,773
109,99
30278,30875
211,192
263,504
64,293
356,203
50,21
2603,2687
125,150
610,626
18,21
469,640
464,305
45,24
40,43
130,39
279,273
913,310
100,358
8,2
46,201
1999,819
3312,3713
699,656
0,1
37,344
100,78
807,225
29,29
1126,1439
69,9
442,697
1112,935
135,488
4379,24407
112,91
1224,324
176,170
252,352
2603,3789
410,514
308,147
45,47
693,46
659,735
451,511
296,749
395,597
382,237
566,562
9699,13693
207,207
2091,447
221,827
186,178
406,73
118,108
2112,571
230,66
312,11969
126,128
50,39
45,286
343,242
664,315
40,1
287,1047
430655,454037
146,90
2702,2744
6,0
14742,16071
144,27
514,529
229,183
118,691
1433,1100
165,151
120,267
61,191
891,592
139,145
13293,12169
937,772
89,70
131,156
657,1005
168,81
1213,2401
186,291
271,213
20666,24947
91,76
734,109
76,45
225,203
805,250
0,154
32,12
278,202
208,309
2182,2449
936,2761
17,15
2371,154
1342,149
5,0
168,2291
292,216
257,270
173,161
134,55
169,71
1742,4161
223,305
85,61
31,31
489,568
480,483
119,25
83,33
964,1244
202,158
935,569
50,2848
1149,367
111,64
8730,58525
418,450
6,17
1119,1488
11,11
74,218
24,2
339,1121
379,407
342,2122
151,214
1675,979
774,186
0,0
220,507
301,714
0,102
35,37
248,1037
278,343
388,452
368,545
214,231
324,110
1,0
878,1488
115,31
219,14
42,17
201,52
386,4977
1271,1025
71,4
220,159
44,44
8,12
202,134
11,3
393,393
697,491
89,140
1722,1840
989,1291
227,129
155,65
53,53
83,286
1894,2369
0,32
71,433
1171,747
40,85
0,0
142,88
77,265
330,806
1475,2050
37,6
285,731
112,41
26,20
361,455
8956,9857
183,180
917,759
11,0
3069,3167
521,647
546,1082
224,290
495,795
220,33
82,32
890,523
896,145
160,449
1667,1492
184,159
249,245
97,2015
252,112
352,400
113,29
2815,2640
762,18165
231,129
259,276
325,656
130,578
561,208
684,793
968,181
317,9651
2509,36403
273,7185
35,16218
2150,10119
1997,558
0,2
510,3892
1298,1381
2642,760
996,3568
57,1
361,591
9,645
84,163
238,413
212,222
381,402
235,255
3349,4155
171,163
104,64
251,824
88,87
1998,389
144,138
536,817
73,64
212,66
4031,4016
87,117
409,606
5,1
26,4
173,30
276,280
65,10
132,46
69,10
24,1
53,113
41,0
0,2
517,637
13,14
674,2045
326,278
1696,1928
1,204
76,723
432,520
182,90731
178,197
282,288
68,55
248,127
257,456
1,3
585,1065
1945,1341
87,67
17418,37420
1839,1553
52,186
46,998
93,659
91,19
470,111
203,4254
51,44
270,158
186,115
294,476
1940,2741
169,621
126,335
1139,639
1067,891
487,276
533,623
76,63
854,1329
565,697
572,657
339,544
103,99
28,25
147,93
610,661
971,499
2433,896
455,1879
0,47
314,349
679,550
1103,1546
80,71
1251,540
506,621
847,304
1206,577
257,276
69,34
194,469
459,740
52,2268
399,523
69,189
556,2157
13,215
188,237
317,453
1395,1773
137,105
469,746
428,1659
3514,3994
877,557
76,12
238,391
844,714
2091,387
444,414
364,413
200,3503
1272,2185
588,605
8,6
34,2325
164,157
83,681
179,292
662,668
919,1653
456,491
10,2
827,1136
99,231
363,311
627,585
12973,12721
52,236
124,548
264,685
544,298
132,1008
339,73
5,8
1187,1189
603,101
801,961
196,422
538,467
240,78
367,3278
1,1
337,744
122,53
24077,33987
81,90
244,196
71,79
154,1175
39,2
0,1
127,111
93,29
815,1330
112,410
2367,2112
148,57
616,721
288,291
1983,1914
65,54
595,420
571,323
5,8
288,226
222,169
212,118
289,95
55,19
109,125
1522,1851
86,30
2018,1428
77,83
809,695
115,146
2792,4030
810,220
83,631
347,313
85,44
247,27
209,430
3085,3977
112,56
954,1002
239,56
1171,142
1064,77
2,447
176,157
2106,2320
4,6
518,580
263,39
7,3
123,66
133,75
121,226
52,117
87,79
615,639
181,768
2401,2697
653,932
1251,1080
3107,3051
478,345
110,120
475,442
237,207
205,516
399,3972
1249,1199
268,350
1036,978
874,674
5,85
426,842
408,422
2025,1307
181,204
2058,2135
40,157
22,241
165,167
2037,2117
384,108
31,7
519,212
742,437
543,1233
93,278
236,274
191,209
40,10
236,88
712,3446
3212,3756
85,236
103,52
282,251
67,8
594,585
50,46
326,331
2077,509
51,27
2550,16373
839,697
384,84
36,3
54,237
1178,600
17,16
80,3094
1060,1160
982,2102
269,512
1,0
162,218
612,212
88,183
83,92
177,151
190,89
31,320
169,236
393,261
5,1
180,223
7628,26256
225,110
5970,5442
229,241
1288,809
293,282
974,1202
396,3925
313,175
51,38
470,993
428,206
91,12
64,36
867,162
282,283
68,6
4241,4643
125,115
241,274
341,22
593,951
654,674
933,932
298,369
158,93
61,17
752,1787
284,283
838,840
353,72
327,368
1349,677
108,153
333,234
53,277
80,46
640,476
63,56
595,635
2806,4469
182,164
421,629
662,315
351,311
182,2738
27,16
226,290
666,1520
753,14660
304,301
165,237
2765,2758
332,890
443,5
100650,195018
174,218
63,23
515,651
434,40
410,462
179,300
120,60
470,3043
250,321
728,490
1195,1310
199,219
1093,1048
267,203
1622,1935
239,266
74,76
144,29
473,174
133,123
175,36
266,114
57,1
1076,1772
370,283
59,3
817,600
91,115
579,4726
252,1045
80,190
1132,552
981,431
51,49
95,62
254,98
84,90
269,349
92,247
217,358
253,230
5,4
5862,5460
133,196
564,141
121,24
133,159
6398,6735
17,5
177,508
85,51
17,3
29,19
213,35
271,25
23590,22124
48,4
52,45
1214,1941
217,67
79,19
357,2374
87,46
70,268
221,56
1636,578
224,186
323,127
705,3052
651,261
225,58
253,811
458,604
177,508
61,8
652,414
1980,885
130,54
67,7
225,22
165,70
49,12
235,85
215,37
435,561
202,36
18,18
27,10
285,53
213,34
24,9
563,463
63,6
87,45
775,837
244,872
88,27
91,82
59,12
200,858
1700,552
489,178
5673,7054
61,1
242,465
930,88
177,22
1,775
242,465
84,38
1393,1340
224,93
444,96
2,1
12153,12027
183,15
520,94
308,273
21,278
136,987
912,901
40,4
9,22
1420,3075
361,260
280,497
1079,694
76,158
23381,187602
365,5139
269,265
7378,9955
1101,983
133,142
90,58
238,405
8470,8809
241,876
55,34
5,5
503,132
1618,3924
49,315
851,588
1328,1436
1849,629
705,1047
284,12232
2588,3907
2064,1445
870,2072
1632,2277
1,0
753,815
1323,1693
127,96
14,5
829,53285
1678,87252
60,408
128,163
750,5458
212,343
3,1070
247,138
543,643
4056,27514
277,250
1749,1254
255,403
94,2
446,692
357,220
315,225
1296,527
157,84
64,77
28,2
1299,985
3,0
394,458
336,2555
146,154
239,2274
511,671
150,74
111,3
137,101
372,398
172,155
1949,774
216,147
235,260
177,300
601,419
597,1008
335,254
609,625
66,252
2068,1404
530,995
5,0
161,133
3,0
69,61
114,109
664,1518
615,526
437,608
215,490
330,207
642,121
1985,2316
84,17
943,248
12,22
2571,34327
306,18422
1397,944
241,226
144,72
358,404
400,443
1456,1115
493,591
109,8
219,514
1303,21115
12514,131609
518,462
439,697
100,142
0,1
75,80
1153,509
357,1366
235,188
201,170
80,39
5,4
133,142
19,4
486,613
288,287
717,84
409,79849
51,34
20,15
1266,632
256,193
1986,1878
368,141
172,209
0,1
377,343
161,94
142,61
544,551
62,71
128,109
532,343
85,93
1713,1696
403,559
529,327
40,706
883,716
854,515
0,4
96,480
262,193
17400,17635
449,209
217,215
516,4108
259,160
28,21
120,93
163,61
47,45
713,734
574,20357
197,174
131,44
597,667
275,46
228,481
1324,302
140,112
449,463
622,253
1633,1802
464,729
223,218
525,753
277,567
103,1236
28,9
698,729
583,506
420,262
2303,2288
1804,1907
330,163
362,170
1427,939
1846,1323
327,387
2126,3609
222,130
215,216
259,932
1443,663
42,11
154,232
1849,1785
108,34
1154,1559
164,80
5002,1863
1518,2025
237,277
98,51
3394,2980
646,614
517,211
39,0
1272,178
453,1221
222,131
152,174
445,341
2311,3441
205,195
3142,3571
847,87
557,840
112,196
101,109
369,166
1014,1200
816,679
1048,659
0,319
214,135
8,2012
216,164
181,28
36627,53661
1847,621
592,2367
52,64
278,2144
57,54
452,645
308,662
177,151
3,0
56,13
130,42
58,197
267,312
894,1077
3643,3584
97,694
605,576
741,2200
356,380
634,268
17,11
952,1000
2004,1000
546,394
37,36
1306,406
617,563
28,39
115,530
309,1752
228,194
123,30
4453,4327
305,356
396,577
2561,2373
617,856
115,145
61,361
286,257
80,57
91,41
354,173
26,20
311,498
2,133
326,394
462,221
357,2073
67,370
157,171
290,408
204,232
19,496
172,454
627,1004
438,1382
106,12
454,34
8,11
11707,12150
353,1207
2286,2051
147,117
129,46
73,15
80,72
201,175
259,271
501,383
826,663
317,5449
54,39
4,55
25,189
411,182
983,1010
246,264
376,2285
2014,370
35,112
368,166
684,121
90,139
162,401
148,378
661,484
814,731
1995,1075
896,2545
111,106
196,1848
35,41
816,532
786,1001
81,53
248,765
1019,432
502,484
392,1270
263,77
314,515
156,396
100,162
381,622
1108,756
86,106
378,216
0,810
225,28
170,175
99,412
1,0
348,679
81,308
196,325
552,1706
146,126
0,0
5002,4488
2003,1132
27,102
324,584
9756,9125
416,198
359,108
26,34
87,173
690,595
816,598
311,55
81,81
20316,27551
564,1682
804,5035
1,1
1660,1705
109,39161
88,15
286,274
521,81
165,157
444,101
2,14
206,132
1811,1311
46,71
395,4311
445,334
284,246
2506,2482
74,514
2235,877
251,272
25,16
464,532
568,741
324,385
164,19318
127,517
556,690
198,146
104,133
238,276
212,127
135,73
493,6682
1009,424
32,5
144,810
7650,8929
1163,579
131,120
720,1453
14,109
459,299
1106,624
2328,595
132,327
13,1
718,6897
252,441
198,66
319,461
135,47
737,723
201,580
174,183
710,2412
76,57
455,141
1239,442
430,511
2235,1973
151,156
578,5400
0,83
39,5
1148,736
72,26
78,73
440,123
48,0
56,125
60,437
1517,66
995,1457
42,32
818,1724
738,705
399,2457
64,67
121,141
455,281
243,226
21180,20544
152,389
368,121
884,2597
237,135
573,732
59,35
149,51
813,1860
369,381
797,44063
108,14
16051,19993
230,666
196,167
196,715
870,1814
3036,3877
2,2
186,86
308,494
733,971
855,665
639,793
573,626
242,310
196,282
539,495
263,164
101,92
1,154
4,3
65807,118402
421,702
724,309
1003,752
3,3
390,95
709,1135
512,8689
942,534
16,3
1126,1529
13457,14439
445,83
1041,783
373,547
251,10069
4340,4652
1036,1503
25,36
59,7
57,25
9,52608
78,86
222,220
1506,285
410,774
1807,2310
128,57
75,28
244,143
60,44
17,88
1976,466
260,433
25,24
509,526
429,357
341,415
125,84
192,16
15,18
55,24
435,518
2448,376
346,570
71,201
117,256
84,44
197,199
642,335
87,190
150,148
992,714
38,585
61,9
411,416
142,44
496,4443
1657,3902
4091,8576
573,4677
302,192
15190,15437
229,457
767,278
165,163
529,534
171,64
2350,259
805,9901
88,71
216,275
285,549
53,39
34,11
196,380
510,1006
60,16
696,1027
939,92
2554,2844
228,423
101,159
530,554
320,278
1122,623
1428,114
17,15
527,830
322,407
4,4
569,525
105,101
2326,3018
177,140
20,6
342,405
2519,3225
627,148
6577,7881
40,3
199,164
276,2201
1389,2512
235,991
916,953
2835,4390
84,44
3978,3526
681,653
118,30
584,1477
1946,1099
241,209
131,111
182,239
134,113
142,67
152,399
1979,607
92,33
6,1
18,61
852,430
498,379
259,253
1,117
36,29
301,357
586,338
420,688
118,104
8,4
88,65
10540,13021
98,694
2012,376
281,400
0,55
63,23
159,825
11303,10308
135,234
209,440
334,191
286,1114
7839,7833
167,184
664,1031
580,1282
1574,244
57,248
380,128
416,417
1471,905
450,473
1143,2048
0,2
345,447
65,101
386,630
198,415
34456,57965
20,26
239,327
3732,836
206,161
242,336
93,52
823,1038
89,60
45,44
928,1055
156,237
790,863
451,1065
20861,24892
1751,204
202,15
117,133
89,85
301,418
78,111
113,888
585,603
518,1316
60,46
142,78
1712,86
682,3286
22,9
433,378
276,1185
55,1
204,406
145,52
153,226
224,112
378,99
2841,2603
2094,2734
1289,1909
1267,6490
15,29
99,143
53,61
470,174
33,54
21,152
1723,897
342,5853
18,49
204,96
62,76
0,253
4,2
1015,794
128,108
322,878
502,86
14,17
52,29
45,5929
307,140
226,466
5,4
3905,2895
444,648
46,79
654,717
16807,94310
900,1240
225,232
625,1023
129,327
866,1289
218,1443
326,172
74,45
171,131
348,279
434,127
293,411
148,201
381,274
334,791
261,236
18,49
116,106
191,198
149,151
227,187
212,246
3046,3414
220,236
79,65
2,153
1284,1408
0,19
260,379
231,489
1296,4290
90,127
33,20624
757,665
565,760
344,90
180,122
577,450
206,297
339,139
61,671
250,176
73,146
80,66
249,493
36,661
216,4542
13,3
4201,4230
387,88
153,474
248,126
1395,1414
122,185
1108,2251
361,186
1664,526
768,791
1436,1709
30,0
281,366
425,495
43,859
1939,2275
573,12541
105,203
0,0
216,136
4,5
2266,2502
107,280
52,73
58,50
26,26
1880,1107
10469,10379
475,166
2,3
301,962
491,1330
83,2294
5055,6263
673,13487
189,193
1724,2302
541,1747
406,1015
1759,1719
295,880
559,110
229,262
323,337
0,0
147,258
338,812
27,17
11,7
299,325
2102,1325
94,71
121,157
10827,12320
363,57
69,158
484,340
1062,1132
832,2156
250,234
60,42
169,109
1237,250
77,200
219,290
272,337
539,1024
18734,19660
128,143
56,49
6,12
0,0
9,4
149,52
285,101
216,312
1953,1186
662,543
144,605
1981,1343
1639,2213
2251,1855
416,213
215,230
378,113
164,267
37,34
3,155
712,1007
206,1069
795,324
4,5
887,2190
650,115
295,359
9320,9150
503,388
0,528
491,285
7859,8727
612,643
1225,1515
133,3436
111,130
60,52
36,30
282,15228
902,957
1475,2961
477,112
444,590
253,296
103,37
167,118
152,533
495,613
35,31
87,45
336,389
0,24
600,58793
2903,85325
5210,7525
12,5972
220,243
11798,12626
0,4165
544,648
1075,438
312,359
375,370
441,439
316,616
1795,1045
1680,1121
1680,968
1308,3340
580,943
123,247
988,231
46,2
3179,648
173,271
381,1029
131,136
190,510
1006,429
407,74
240,283
51,1
903,357
97,740
164,66
373,293
157,218
3094,3169
718,1279
194,40
144,1188
453,380
43,44
124,395
722,230
726,426
823,744
113,157
1256,2107
70,227
144,150
810,268
2,2442
92,156
253,19
365,40046
0,28
72,61
409,426
56,409
368,56468
6370,12334
111,195
320,90
230,105
221,35
450,627
5,0
756,1183
196,113
114,308
394,511
5,1
102,118
557,99
833,744
58,19
141,110
183,286
22,5
277,626
150,243
59,41
2308,4206
36,424
548,671
270,372
12,33
184,97
221,942
6,0
815,630
146,89
379,489
176,127
1026,1097
129,159
3344,4073
124,114
166,290
79,40
1312,1372
32,34
614,154
94,124
327,333
882,973
409,1031
235,302
120,99
372,770
173,180
244,302
209,150
826,1134
240,209
451,1202
1384,927
202,153
271,302
208,474
2663,3366
740,27
473,665
15,12
102,99
1,0
0,0
1246,346
63,7
349,612
484,675
57,61
146,125
136,74
378,91
0,0
548,683
365,134
160,76
24,25
78,90
496,338
1057,1114
280,388
1015,2010
292,2491
942,329
111,32
337,644
770,800
55,2399
101,75
38163,39309
104,16
682,607
1150,1226
403,374
662,785
53030,66265
251,311
954,834
356,1156
215,263
515,312
64,52
225,1722
310,115
750,259
381,232
282,988
246,265
436,545
98,43
542,247
444,495
306,354
