74,371
159,29
157,170
2058,2316
292,191
253,64
5532,9325
72,2607
636,698
413,275
361,390
409,308
100,383
22276,29841
482,918
608,206
0,2
138,185
485,613
656,1463
212,516
1671,1684
37,127
75,183
270,335
5896,167884
195,73
254,264
249,1541
882,23
268,205
1214,708
215,18
1571,22168
172,179
178,249
66141,203567
115,28
1906,281
1053,717
501,213
281048,692214
645,1161
724,779
636,562
19,81
1580,2560
156,331
2814,881
96,97
0,26
912,575
2183,2995
99,347
3764,3809
253,820
3981,30932
110,127
12,4
575,615
36275,44122
569,1019
352,813
1249,1106
406,625
720,2483
917,1126
7,5
119,55
1096,1409
229,36
492,199
364,207
329,375
309,143
310,155
473,370
76,66
7,7
630,755
233,113
556,2267
395,230
378,1395
325,173
433,659
1278,2791
923,18526
715,575
930,1077
1237,616
174,88
1923,1638
272,110
181,282
636,363
303,867
121,100
0,1148
383,373
73,14
720,191
23,28
914,428
111,205
256,404
2,4
376,80172
570,836
123,121
1060,570
888,750
64,1820
2039,1913
256,275
275,377
311,452
19588,22111
948,987
99,47
235,338
62,172
19,10
503,432
285,252
737,163
745,16684
40,39
1385,508
906,1144
148,58
174,80
913,769
1621,1478
462,130
437,3485
745,16684
71,114
234,299
186,3521
179,264
986,935
340,50
10,5
69,65
142,316
276,197
142,183
5,6
679,1036
394,432
0,1
238,245
533,460
117,17
13,3
56,28
836,949
337,640
445,682
36,11
46,8119
998,975
3299,6446
160,229
42,3
387,505
11,5
83,137
25,8
221,150
285,224
136,80
5091,28449
1485,2002
341,371
363,88
170,183
535,427
41,2
1045,1043
19,1836
530,139
78,37
490,349
35,145
332,468
196,154
1054,530
443,774
395,854
38,16
129,95
0,16
56,156
118,298
161,1929
55,47
234,250
297,1232
643,668
393,292
238,88
1364,63
116,10194
284,722
3459,4708
1573,745
390,463
558,216
2194,2008
1687,1602
435,662
94,55
412,1205
1308,3012
88,146
99,73
1741,1301
8214,9252
435,253
325,224
213,193
205,5084
963,644
778,68
1988,1761
324,65
16,11
343,685
416,188
142,146
2018,885
186,96
194,474
575,264
91,108
147,16405
588,1318
491,517
1016,1957
1395,31982
289,63
721,171
68,198
33,16
0,68
291,173
1,525
387,244
82,68
265,109
13,60
862,666
1538,1773
312,308
283,320
195,608
236,366
999,999
814,1743
2073,885
4074,4161
11,12
2009,318
0,0
49,254
750,343
950,1047
40,127
4577,5363
242,252
454,262
358,320
319,124
22,2
141,77
73,100
311,272
1539,576
2174,1593
572,591
1853,526
361,556
84,153
2022,1206
24,70
229,166
503,402
63,61
110,68
66,73
249,167
1575,2413
598,202
962,469
245,1446
1088,1318
2339,2388
19944,33070
2769,1994
273,264
8,9
102,1999
1588,2743
212,227
686,208
175,16
760,1095
2370,2399
173,160
448,157
171,640
341,323
493,472
87,653
122,119
450,383
8720,13932
485,1237
17,256
1820,2534
238,156
1209,17727
106439,96972
1516,1561
1573,1815
801,804
168,212
244,239
4,6
396,3325
1204,291
422,779
109,20
85,39
88,32
2003,603
321,335
75,12
1091,1490
411,543
158,166
694,1027
43,10
38,36
100,17
223,468
1475,1022
785,496
31,93
34,19
183,95
223,69
111,22
3222,3570
122,426
1515,2402
279,433
273,241
271,310
385,185
1752,824
239,605
4541,3604
910,929
505,829
1218,547
2564,1561
104,85
75,282
71,90
43,10
902,1866
173,237
37,75
199,386
1380,2472
111,191
164,183
266,828
952,18641
70,95
90,101
414,499
9,8
1225,2582
1,44
496,869
75,11
172,332
93,123
1,18
439,459
170,48
3514,3995
89,62
184,38
824,3279
122,140
1211,587
236,145
1,0
53,106
108,92
228,179
274,272
27,48
978,1735
98,83
75,874
106,93
37,15
287,88
2,0
34,42
85,1093
28,70
72,51
653,861
369,149
162,27
303,574
141,551
79,48
270,147
292,857
11537,11805
1593,3512
290,565
1098,1200
535,579
61,21
196,551
106,115
1452,212
1757,840
797,185
456,639
61,85
141,114
581,918
159,157
664,670
214,179
280,116
129,280
105250,117037
336,355
192,75
88,49
1042,267
575,569
132,76
474,491
1534,937
107,7097
956,791
335,941
109,19
2142,2112
211,224
504,184
30407,31073
40,11
667,375
99,119
435,2552
221,229
294,523
149,53
2015,1466
2310,2491
180,10324
447,503
1758,1771
1,3
346,106
95,102
373,899
681,698
203,171
245,559
778,708
149,140
0,0
207,646
289,293
751,911
1893,1900
438,907
263,109
19,18
1441,1974
362,488
123,105
115,132
480,567
80,659
911,822
864,951
358,4513
41,0
1,0
0,168
83,35
55,127
548,694
1327,752
1967,1363
336,1106
409,124
107,7097
2002,1108
16,16
1468,178
564,647
1626,947
0,1
162,382
316,103
255,284
144,665
444,770
980,862
2202,1913
116,82
170,69
332,352
17070,14970
138,178
83,374
365,658
1182,1904
2,2
299,288
163,248
2894,422
47,64
307,386
1091,3985
1674,569
410,149
15,21
63010,68131
80,12
124,401
363,726
370,604
678,465
61,40
186,341
13951,30709
535,575
803,1628
1207,729
667,44
890,924
2372,977
308,2319
1653,641
6755,7016
367,929
383,442
50,101
90,133
1886,237
1,3
654,187
388,208
1491,2600
564,718
209,197
2012,1933
180,171
1073,585
568,18
62,35
958,1101
872,10272
17,23
17,21
379,366
53,334
956,420
776,913
2394,3102
138,70
387,533
259,287
0,13
7806,7597
650,627
439,538
438,280
61,97
1341,1536
105,3205
3297,1189
3249,4218
86,11501
197816,530841
1010,220
623,679
539,374
40,3
687,323
225,7262
190,23
234,125
57,72
15,15
1015,871
418,19
388,233
80,107
232,157
127,120
129,47
105,3205
69,61
22,8
1257,1839
208,210
255,257
171,574
124,57
49,68
1668,1021
158,157
1017,377
0,205
2050,890
525,524
4004,4768
720,1031
454,4324
781,784
412,295
9,0
2207,1929
2207,1929
952,6990
5027,4643
492,557
644,742
998,5655
340,289
0,1
86,920
243,95
1197,1150
171,94
29,126
6152,6438
382,462
13,2
2029,1116
791,1071
13,54
110,804
2,2
79,48
689,695
46758,68966
132,284
408,296
0,10
357,911
182,186
47,69
37,16
640,401
873,538
188,68
546,606
953,1279
619,1003
901,289
563,720
42,4
555,138
977,724
1060,1825
619,1003
644,2912
2471,2679
312,296
215,176
458,219
1126,460
536,36
129,424
190,23
506,656
936,1103
1128,24883
526,366
79,123
285,603
980,397
69,38
205,50
71,53
1949,1692
386,432
16,43
212,27
432,309
90,90
138,94
260,1274
1,366
1,1
1430,864
57,3
292,211
2110,3131
159,179
2004,961
55,50
612,944
38,7
536,322
3374,6427
236,280
474,154
189,310
1957,2098
718,350
501,400
481,75751
41,43
787,198
0,61
36,80
16,12
432,440
135,137
299,297
7041,43482
214,7898
1900,25953
380,367
463,577
293,289
3145,2913
127,134
1277,1604
108,153
9778,11518
340,511
517,538
124,137
528,6032
238,210
271,343
988,1745
1285,1350
601,338
66,71
444,590
575,237
106,7
16,23
37,15
0,803
112,4784
15,171
593,853
426,125
922,349
141,1885
681,317
1846,1446
194,323
442,682
261,302
29,1
12,13
355,1401
0,6
197,1973
1782,1805
1415,4510
350,108
376,350
4749,4729
296,464
1730,2506
100,126
575,526
301,71
283,1093
145,234
68257,66190
282,103
204,113
2571,2493
20,11
156,136
695,712
3,4
1379,1170
257,313
965,316
575,569
173,267
0,77
7760,8522
656,194
61355,62784
374,490
308,1422
270,170
980,1344
1329,1384
0,0
393,401
627,634
352,440
67,18
523,444
1627,3247
700,734
1017,644
197,190
197,47
420,655
111,7085
867,408
228,182
5,845
64,64
8261,12818
216,123
703,814
563,380
434,358
417,237
0,250
238,192
0,158
203,199
2813,13052
209,228
1938,945
25,8
378,395
14,9
30,14
218,341
411,30197
197,4357
393,313
1225,209
233,155
18,21
195,175
1128,962
1075,1338
420,462
1489,1558
354,527
276,182
208,212
644,134
1060,237
68,42
243,120
1926,1695
539,201
1200,1497
102,41
841,1634
8,3
301,2541
7,41
43,45
186,701
197,209
230,34
1162,2822
76,1507
25,152
265,502
75,92
1351,796
27,68
128,141
0,1
1625,711
100,103
264,149
273,120
233,103
30407,31073
159,69
1953,1537
374,14776
754,135
6,7
211,293
18427,21403
80,40
185,209
278,2078
706,4823
315,216
126,83
264,595
178,296
317,408
3307,2021
6541,7938
45,45
256,79
2158,1119
97,90
21,6
203,138
210438,226023
0,1
201,267
301,714
215,120
42,28
2,1
127,75
54751,86069
111,127
299,2090
648,734
6320,6441
3911,3621
899,1066
43,15
2474,3269
240,168
4202,4292
129,300
40,163
405,201
326,372
159,251
1781,395
419,384
131,118
60,139
1972,2067
536,450
1324,71
761,684
94,144
114,124
1334,4727
2321,466
350,420
82,91
611,424
44,6
999,1588
518,487
1253,1197
25,32
82,73
285,313
285,173
8782,13731
173,660
349,458
1041,1395
10,5
135,150
312,304
311,86
354,260
275,38
1436,190
296,157
56,59
113,106
12,7
7,5
352,2192
156,145
1052,1087
339,2768
411,479
0,5
3089,3164
502,156
198,542
18,6
2432,2277
117114,175291
161,63
228,938
450,302
80,601
933,1778
134,277
45,681
216,110
1243,707
166,499
211,150
304,71
520,355
540,503
165,198
141,289
9,6
575,188
1021,958
1117,563
786,140
9,7
740,624
795,417
379,424
243,277
135,254
420,925
2078,1628
69,8
202,155
268,1478
109,49
158,28
152,166
96,222
551,430
2080,3437
127,151
201,340
454,60
76,160
121,3736
317,321
0,0
195,65
1841,1068
321,415
124,106
101,267
9,7
17815,17867
742,522
179,135
35,8
308,82
969,513
874,891
161,171
55,151
12,15400
25,103
3646,3428
44,29
890,1010
189,346
163,1592
1974,1139
285,576
7884,14476
321,424
25,13
440,320
1218,464
488,357
3703,4908
139,113
0,38
25,66
26,12
181,182
67,30
289,79
304,53
173,516
4375,5279
67,10
165,153
829,803
16,217
221,442
963,819
280,289
382,378
181,240
255,352
607,661
9,0
120,127
642,613
262,22
1212,1708
273,274
22,28
531,856
307,518
41,4
31,6
332,185
135,141
48,36
62,8
360,316
0,174
58,58
21839,26110
177,33
2342,2957
73,21
0,18
200,475
16,47
487,196
165,100
226,201
1067,320
462,497
140,118
76,36
3,0
91,704
841,500
538,668
842,2269
3021,3233
54,3789
114,168
91,155
84,51
3645,3387
427,511
211,252
93,114
3,28
67,78
38,53
296,296
245,184
55,221
604,691
59,60
9989,9981
345,170
911,906
313,65
12,142
36,59
622,18
868,329
117,92
387,227
37,36
270,66
46,23365
1745,3837
100,1628
9,1
143,348
99,345
855,1198
2149,3108
97,83
5788,5281
1450,1115
5,119
64,84
171,117
892,2054
3922,5478
270,21
11854,16787
61,46
25,5547
403,821
50,5
59,49
500,346
589,116
5,560
3147,1510
64,360
26,26
670,148
258,836
7174,7057
139,208
1397,1424
1977,1968
9,1
78,237
762,136
1061,1151
80,152
290,244
163,114
323,588
0,92
832,245
387,356
242,68
7284,11074
1621,692
23,2
1980,747
53,11
489,50
98,113
240,210
189,83
155,134
316,731
6921,7120
408,626
411,1102
1405,1469
377,283
77,21
193,183
884,1022
1,27
417,640
31,48
4,935
393,588
346,417
21,274
188,29
51,166
106,495
11,8
345,501
1664,2223
311,232
594,597
538,471
5003,4570
67,377
43,74
201,302
146,70
64,88
50,63
882,760
2,0
8,9
172,65
59,147
5003,4570
277,288
25,7
77,2
438,553
284,135
599,606
30,49
13,4
491,166
403,390
132,192
324,441
247,278
478,1145
990,920
0,0
2507,2596
204,8321
1609,1293
187,248
593,730
2018,937
167,105
6423,40247
108,56
432,855
1707,1559
311,65
25,16
1211,808
4,90
389,367
13668,14939
3275,4617
332,282
423,187
228,356
134,70
2437,9879
3010,2959
825,251
1,0
646,998
299,291
76,181
1638,2480
183,149
22,58
628,1299
502,442
40,2
0,1283
1242,96
1504,596
2748,3375
88,36
1248,1227
342,5
612,596
1951,1239
53,444
65,28
659,383
496,925
421,89
542,761
485,1809
365,600
774,179
41070,68462
216,511
51,112
9495,9679
96,73
6430,7385
159,3301
91,524
1689,2243
224,174
33,30
907,1300
1730,135
489,399
531,632
46,22
1191,1301
21,4
75,116
0,140
49,55
9,157
453,592
426,186
123,89
3,0
398,454
1319,1863
531,584
70,40
84,140
1221,28395
96,175
230,360
59,2324
44,14
174,252
192,211
253,352
2145,612
144,261
38,2
384,491
158,1266
216,853
333,143
39,3
73,505
126,74
5,16
406,409
47,31
194,189
2478,2207
156,100
61,187
164,496
358,146
2,164
114,273
9,7
32,63
476,482
550,590
917,145
449,584
270,481
560,542
1227,1332
216,973
82,9
0,10
289,799
194,336
504,328
1382,769
297,284
179,218
54,37
3,6
1300,134
215,141
67,73
453,165
5001,2746
206,232
100,66
0,0
184,100
25,24
71,76
4,1033
899,881
1089,1077
1147,1819
669,4952
231,247
194,133
38,11
1464,1181945
173,127
114,86
0,1
959,1698
138,119
2216,2097
234,100
5000,2233
83,60
200,686
124,74
442,531
983,807
288,227
138,85
2372,977
139,156
1945,32611
108,37
179,115
515,519
165,171
117,13
368,871
336,448
169,790
403,537
1075,592
461,203
45,25
265,244
415,552
383,504
633,523
1457,790
5,4958
2003,1527
352,470
67,6
198,287
128,78
2615,2336
21,54
34,5
506,769
300,501
946,1092
34,56
985,1166
100,42
699,954
382,275
724,465
1928,907
617,416
120,32
1043,3233
920,1441
62,167
3051,3119
232,186
1146,1531
665,618
2,0
1037,1369
306,386
2,0
1990,259
343,530
0,4
224,279
19,7794
135,130
609,1265
854,858
1423,269
0,4
9405,12117
27,270
38,4
278,445
609,627
140,105
221,177
151,176
1955,1617
198,64
289,194
2,0
1711,1192
324,326
298,2111
74,109
546,254
163,163
0,20
596,576
129,151
31,197
566,800
203,150
585,624
195,334
1290,1527
40,60
13440,129641
2896,1468
420,471
28131,65375
1262,2875
152,37
756,1188
1519,1580
84,81
1998,1477
1570,1071
75,290
175,147
438,296
4,4
213,281
339,49
287,1546
651,1429
1498,1639
97,95
54,56
939,1321
141,32
1881,1127
121,139
277,389
644,644
1121,2348
1741,1336
597,721
182,139
2093,2377
244,259
233,310
0,4
251,243
624,684
655,682
8,1
5,45
711,1058
417,908
352,234
62,35
513,547
1444,1531
136,171
54,331
55,67
242,306
92,856
1131,898
57,41
96,121
76,178
56,17
2015,1627
1112,1374
1493,2347
366,1140
34249,35656
1248,1836
946,325
110,94
2906,3428
937,95765
300,188
789,4602
290,324
395,525
108,102
763,210
763,521
389,397
262,416
90,12
689,2041
31,123
307,221
81,124
151,186
297,262
505,4589
15,15
9,6
201,331
156,190
139,9
102,84
971,959
55,30
141,57
386,403
178,53
4,797
348,276
456,579
115,11
1509,1914
396,13305
1378,950
4,4
115,346
1238,1738
0,0
102,47
103,40
501,6525
151,100
660,868
113,1364
446,433
882,2842
894,1339
128,135
123,13
74,128
464,691
9,2
194,388
97,114
484,339
78,99
93,101
120,190
364,488
859,14682
314,138
361,724
562,411
443,391
324,87
134,56
409,347
421,26284
206,350
354,293
766,381
594,525
404,70
38,13
97,213
412,355
658,2156
56,11
884,1870
129,127
313,151
192,452
478,578
41,3
890,1113
121,125
1608,3318
931,418
180,142
172,222
999,1570
813,820
818,233
283,188
17,6
111,105
149,100
318,458
30,255
0,14
93,66
836,157
103,66
214,227
0,174075
362,435
85,147
329,385
420,2315
108,54
531,613
8720,9282
82,505
932,791
971,828
45,5
1111,49187
85,268
8,4
2,638
282,920
838,1357
222,423
1106,1270
144,229
70,562
102,110
185,90
82,505
463,85
262,465
121,384
6,5
1233,750
5,5
450,229
564,73
9,2
89,92
586,334
1930,356
2250,2236
92,51
1175,2078
0,0
292,615
122,22
0,160
867,2524
331,87
246,154
141,262
567,607
0,8
2536,3040
19,8
85,21
1416,4211
11,10
6156,7342
41,31
400,712
260,67
194,2940
145,226
27,14
297,741
520,211
1118,120
2172,2420
76,101
608,732
124,57
35,15
59,44
464,127
47,4
2642,13245
888,377
6804,14877
1,0
23201,23202
411,462
2534,1932
364,121
23,437
35,34
201,32
281,647
224,262
61,40
368,93
9783,8878
0,2
238,156
602,1245
122,137
129,24
152,100
354,281
300,184
15,1349
3,3
2577,4081
1972,838
685,82
270,363
173,37
963,1615
372,13
162,221
1145,1121
99,64
6463,9472
34,48
330,1966
139,154
152,211
320,268
71,1420
13546,13280
740,493
1207,575
231,143
898,425
6106,8571
175,400
148,429
51,22
72,75
360,160
1176,373
222,206
2002,1662
226,167
583,717
3191,3645
816,1375
284,172
421,429
442,260
694,184744
137,119
26,22
138,19
178,200
1754,207
759,924
42,21
2088,1405
499,253
14783,38730
418,340
40,64
781,1013
6774,161860
111,373
11871,12563
211,133
1481,1399
2197,32171
1482,1080
74,5693
46,1
291,2279
999,1187
252,326
1460,5345
41,44
279,665
171,165
60,404
797,185
725,714
3181,4064
51,14
1214,1046
1539,358
146,76
207,1786
318,352
209,213
3162,17693
162,132
129,3
0,7
122,118
40,656
363,470
2385,2582
2074,2288
371,719
373,464
1278,206
314,368
35,31
331,522
563,450
368,418
581,351
117,329
59,3
1894,1536
1708,986
463,144
734,1280
0,17589
1987,678
691,750
982,2334
289,775
935,883
59,9
52,19
318,230
0,1
515,532
14276,40891
36,15
110,166
33,175
263,528
178,189
282,205
1407,2026
40,2
123,52
359,241
794,548
1305,1447
301,317
288,2942
202,180
50,173
299,286
644,742
494,250
113,164
761,780
205,447
203,112
414,603
376,314
250,947
515,532
325,305
206,95
2807,11789
1147,2080
3,3
402,36
734,4302
979,1030
758,1058
53,689
103,104
113,118
426,309
39,3
43,2
614,233
95,7649
32,1
635,495
1994,906
72,1397
1217,377
747,975
171,178
10424,9834
647,813
0,3
225,269
4,0
468,499
335,309
103,110
674,1109
678,130
50,53
4722,5523
398,424
36,32
720,1322
41,48
510,574
225,135
172,490
0,1
237,278
1765,470
964,1034
2357,4280
2025,691
925,2126
1502,1279
20,265
305,342
163,423
941,659
343,461
425,697
522,491
555,158
394,539
1111,2547
1000,3285
376,707
724,1784
171,926
949,1275
319,356
343,332
85,54
668,700
142,25
105,124
0,3
28557,42229
63,4
255,118
1443,1633
211,28
7540,10349
655,571
50,5
237,254
144,58
317,256
2993,4300
852,1024
22,19
2117,8029
118,49
360,452
83,67
176,374
305,381
261,171
625,737
408,260
379,618
37,145
2,2
741,1021
200,331
281,136
207,145
261,137
260,431
151,754
277,397
36,184
731,578
65,291
323,5813
1216,933
187,515
312,510
110,119
73,40
151,150
1760,1709
2343,2375
364,231
157,172
1095,2682
129,61
356,253
390,741
73,183
236,266
278,242
94,163
808,658
50,61
183,205
683,845
1559,1874
555,733
1532,509
2356,2702
1182,2017
199,188
319,453
808,658
245,258
3787,8134
290,270
391,520
292,1380
198,238
308,640
64,834
40,373
419,3303
130,186
244,207
24553,31257
182,86
248,407
130,222
1766,2053
24,3
4273,2363
42486,48531
555,147
5098,5301
27,162
148,632
644,569
845,159
128,134
27,10
401,3767
342,327
565,554
233,333
1856,864
51,2925
145,56
35,46
359,155
173,33
33,6
348,568
530,440
255,560
576,2086
198,217
359,146
207,233
2116,2140
1419,1406
861,2393
628,238
1678,1647
360,471
207,713
154,195
459,683
2087,619
1122,613
48,18
196,15860
99,419
70,187
377,243
2066,496
58,66
187,101
236,278
1799,2020
230,340
275,265
838,1539
647,1523
222,547
4316,6054
123,138
194,257
121,58
285,279
1203,1089
693,572
239,283
595,521
963,2454
149,61
373,396
1665,1635
237,1461
10804,10425
347,118
24799,30074
110,60
65,9
263,98
1537,1714
60,186
158,271
20,1
156,109
17,20
597,810
1213,2401
2193,2153
101,114
434,571
589,1164
557,2129
352,2734
80,74
125,2075
12569,19229
184,187
542,805
434,373
162,67
141,184
219,710
198,210
79,7
298,2530
1726,1165
1488,1279
910,1138
2154,2698
899,1285
540,112
152,140
137,161
652,222
833,1478
1988,463
190,131
110,110
1215,1843
634,1236
171,227
1073,63
2085,1879
246,181
117,40
199,221
2697,2976
38,67
353,160
381,270
570,275
158,444
973,358
3136,4260
0,402
531,223
117,931
47,22
0,2
468,1667
605,788
66,58
428,555
78,73
19,19
440,285
274,7591
159,175
560,134
211,707
297,394
818,697
52,35
103,92
82,45
214,1724
178,58
9444,11550
690,910
110,14
5657,5980
318,1100
233,163
79,32
85,157
3386,3712
742,260
245,661
204,62
1620,1561
64,88
285,393
539,315
3923,3472
0,2759
631,128
15,31
56,4
95,329
93,323
189,194
74,39
1968,432
15268,18606
829,803
7717,7663
274,9368
1313,1264
63,28
336,156
40,101
1470,1667
145,198
558,273
17,5
939,884
352,487
117,123
7300,27053
258,593
769,1220
5170,26106
113,79
53,2
16,218
25,3275
41,20
274,286
553,399
144,88
3275,5104
718,166
319,1181
305,371
94,605
30,40
1329,690
2724,4563
121,23
210,955
341,620
427,401
547,556
6039,6087
854,569
43,4
4045,3133
26,3029
852,1035
108,38
925,905
153,74
182,129
302,256
150,147
92,35
63,15
314,32
689,818
177,320
497,116
599,877
446,897
330,521
23,70
978,693
2083,2712
0,0
43,28125
517,2005
1033,1087
76,637
594,245
456,27873
1691,1162
969,682
3584,3842
1226,145367
32,2
197,121
478,683
176,56
137,153
47,41
459,568
118,192
1278,905
44,2096
45,77
586,757
62,35
568,698
876,2216
612,616
131,174
1146,896
220,221
477,517
87,23
84,149
60,43
65,29
186,205
33,17
433,1758
544,7910
229,23480
105215,138146
259,84
956,3249
70,95
709,1333
70,189
59,44
478,145
142,210
191,164
147,186
1867,1674
325,955
507,705
1090,1324
2035,1330
947,274
168,2104
401,508
10,2
136,570
229,153
887,1108
181,329
21,5
1198,1374
12,25
128,289
167,165
2077,1223
171,149
319,466
0,19
228,455
335,283
458,296
167,169
188,311
111,33
1107,1228
285,255
397,502
384,311
4,16
427,401
166,194
288,239
458,69
92,162
50,30
0,27
71,5
971,6828
409,114
4476,4037
0,1
127,75
273,425
840,740
449752,417823
860,2236
404,85
26,733
443,123
910,446
9,88
875,943
187,199
86,52
301,677
72,58
4750,5581
344,350
353,80
48,4
565,168
134,185
196,92
192,348
65,1276
240,207
44,7
184,195
214,35
3778,9440
6539,6273
125,9054
114,67
835,975
274,405
15,62
85,126
90,569
153,130
8857,9612
996,204
840,57
97,21
8909,9156
611,366
306,443
789,834
1363,1064
1001,973
20184,27428
17957,1574921
252,89
221,177
509,442
403,427
60,1557
582,554
6,0
417,539
48,44
1706,1959
2645,2857
28,29
254,213
2704,30440
274,121
32,32
368,59
35,38
1,20
401,318
8683,8739
723,1008
50,14
771,466
381,394
20,4
371,204
191,40313
35,493
1225,438
44,435
719,665
339,377
1224,10619
40,203
265,392
691,269
1270,724
67,63
9025,9165
21,23
1007,1192
9,1
453,311
118,5976
247,180
108,104
29,5
1898,1630
84,78
604,189
427,659
1025,858
590,758
85,29
119324,120531
213,962
11104,10896
313,411
4828,5161
578,400
456,483
580,376
398,175
305,231
761,871
2361,3629
324,345
9025,9165
123,134
1178,1016
338,597
0,3
354,329
384,1845
49,16863
1204,623
360,1434
97,89
729,117
10441,10475
52,55
570,348
263,80
181,339
205,130
41,47
21,13
1359,625
126,157
75,108
60,77
115,2749
618,33
286,219
1,11
357,1268
48,40
1342,1581
219,280
392,29
900,474
373,587
2005,612
0,25
1504,962
1229,979
505,355
174,162
97,1835
500,239
349,543
1505,1583
1,358
154,315
929,11112
195,515
315,254
69,925
2584,2729
389,936
380,428
2177,2016
0,0
1384,1398
854,580
1839,1721
93,95
0,0
1095,1037
150,43
339,45
225,238
53,2709
1189,685
671,191
87,127
417,143
8214,28973
1261,1566
311,389
259,258
53,67
641,724
129,150
64,2263
1043,624
375,455
401,414
425,585
593,564
446,559
1504,2129
0,30
86,61
786,969
587,8116
913,913
27,185
5,19
172,378
157,152
234,15
182,104
1297,541
1294,2727
166,181
373,990
335,283
142,177
1620,1715
532,552
201,244
149,129
62,1107
1059,977
734,992
62,178
1073,1091
893,219
129,86
265,1989
290,477
535,371
381,393
268,166
164,219
129,34
145,133
395,378
118,116
128,129
1188,795
294,362
226,589
1979,1734
854,850
143,59
365,370
57,74
302,142
303,508
2337,2319
816,586
17,43
17,16
241,180
53,136
262,94
1,1
1778,2106
245,268
2501,1585
2,450
109,17
261,249
823,965
319,207
262,222
2313,4022
2357,3204
44,771
2785,2680
471,675
252,259
344,616
13718,16350
129,53
2486,2430
941,702
1104,1168
550,1673
1319,961
119,113
140,83
396,472
444,96
196,194
783,1062
545,1352
657,1119
105,746
653,294
76,41
49,217
362,472
820,25451
477,554
506,1036
329,317
3069,2075
350,225
6556,35550
89,12311
314,702
12,15
597,115
2,0
796,865
542,817
30,31
246,214
116,64
248,210
20,6
67,63
118,143
3,9127
368,298
52,31
245,168
10494,9697
270,832
370,76
20,3
964,551
5428,12914
25,91
4696,5894
1548,2053
278,315
101,118
690,967
58,20
1,0
29,19
96,48
2720,3403
230,21
296,10714
118,56
1862,427
40,41
221,347
62,54
1934,743
3912,3762
634,639
25870,23773
734,734
322,113
708,768
265,982
16,16
97,1025
6322,10355
125,21
363,304
32,111
375,512
855,183
1423,1507
137,91
82,86
175,148
530,549
257,369
84,674
1355,1061
222,494
208,223
1364,1437
57,18
80,95
1998,1352
1996,2193
530,872
560,562
57,15
182,177
10,35
0,0
271,145
31,12
165517,249561
612,592
134,198
2002,11108
305,245
533,212
28,26
290,81
92,1886102
694,6088
910,656
0,0
576,1960
1011,826
139,98
2003,964
324,143
792,1305
1,2
387,315
606,507
312,54
96,33
183,156
14,126
108,52
2322,491
279,341
420,230
18,17
672,332
204,2083
153,128
39756,50296
254,874
590,614
233,351
765,548
58,16
182,386
250,307
240,185
182,758
579,423
2770,2908
185,865
25,26
21,16
31,35
1048,1678
778,1670
150,332
18,26
247,37
450,598
6,11
24,1
6,16
956,61
19,18
275,39
107,142
165,170
557,3748
0,6
5980,5600
102,12
512,523
81,143
7,9
10,24
11,8
33,58
280,313
628,806
0,0
1650,560
724,577
1031,777
261,263
9,14
0,0
106,382
14,6
26,3029
100,52
77,2
296,488
20,55
2302,4214
324,253
46,2
211,73
606,206
467,893
44,44
1031,777
33,5
460,450
40,75
116,309
770,1085
83,119
208,255
39,4
249,223
14,3
162,69
4,4
2029,1050
10634,19726
602,471
1038,3116
89,153
173,33
1223,675
136,2935
1904,364
1153,491
49,93
8040,9064
635,101
2181,2941
2508,3631
2145,1317
388,1193
1074,752
329,119
1255,1492
233,456
919,278
2515,819
119,44
39,14
522,362
511,311
1474,867
176,2344
270,262
1280,1612
307,97
1976,1983
359,329
217,228
1094,2520
1117,47181
67,59
507,1009
130,163
105,392
3574,3267
978,479
261,2883
28,27
86,217
59,59
284,119
342,1468
112487,102259
108,51
143,163
452,687
1043,269
208,928
1545,919
110,15
361,193
17,198662
7,5
90,1691
166,1016
731,941
1905,378
235,213
127,30
474,551
2309,3331
1868,948
797,185
484,1487
441,1306
260,158
1199,1221
64,79
42,5695
17,13
2374,2479
211,298
640,461
256,275
631,172
386,210
146,22
401,52
126,49
241,516
2236,1916
35,14
1,2
371,326
517,536
3395,2516
2,6
63,63
228,387
70,85
853,697
72,100
52,64
1855,1289
5597,5089
1,545
192,142
4,55
650,275
152,101
721,592
311,52
60,5
1694,394
333,38
562,615
1651,1566
312,231
228,75
1075,1210
179,35
1077,190
182,94
50,3754
196,13
2278,2538
1219,707
378,365
602,598
202,209
54,117
166,51
210,127
1811,2636
306,310
397,2626
1070,795
1342,2130
8,14
23,107
655,846
1301,12175
1985,1706
763,394
145,81
265,233
202,88
393,494
123,200
31,1027
278,363
40,83
354,7504
5,164
118,156
224180,240276
145,3200
227,663
1211,1239
39,25
47,7
23,107
3879,5389
1086,438
49,2
155,455
510,434
267,394
0,1
301,128
598,75
314,6673
25,20
1626,1744
1361,1729
3414,3444
214,102
610,731
70,189
179,135
30,93
188,67
1251,1330
475,357
885,792
166,659
2302,2733
148,102
306,425
2557,2245
250,322
465,605
785,429
594,675
162,191
15923,37454
15542,65857
15858,30631
102,72
33744,45007
1966,1056
4079,4126
237,310
2640,2466
207,423
19293,40996
5446,5425
229,623
0,0
120,89
23403,33468
50,205
56,553
381,103
382,108
1809,2047
4344,7255
252,472
65396,124202
109,42
136,133
81,31
221,330
192,264
152,2342
21085,24393
140,63
22979,34020
193,344
3754,3315
2368,2113
614,69
2012,1771
550,1051
409,117
37471,38241
138,150
230,4071
889,1977
673,923
228,1723
3633,4050
193,456
637,206
571,632
773,1156
321,409
186,201
504,83
72,20
91,45
452,190
501,209
1737,761
119,78
177,132
62,19
666,226
283,172
165,389
337,27
630,487
9679,10500
106,30
389,468
165,55
330,384
381,1028
15,56
256,39
221,126
216,217
1144,3919
265,282
595,706
85,48
76,192
1442,1548
93,87
1980,1006
753,8559
2,317
121,261
293,1223
256,499
1513,1590
123,282
302,330
596,365
286,1852
548,577
129,89
529,324
317,735
119,44
97,115
220,236
831,1347
1002,1735
249,85
3438,115598
66,135
998,638
470,2242
166,37
901,436
21,18
314,401
657,4744
247,297
303,202
281,211
218,227
468,655
2051,2016
152,314
45,55
259,97
1000,20245
1199,1015
92,21
1362,1540
22,6
53,53
46,8
128,748
7,11
437,507
792,12346
358,529
257,225
463,4472
145,105
1063,899
203,124
242,776
635,521
918,1624
42,28
187,146
369,548
345,234
918,1259
1534,1086
1916,1295
119,406
1654,1704
895,788
2,0
319,437
1598,1039
260,113
1180,713
423,157
1300,818
3453,3427
292,446
110,16
196,15860
322,218
562,16423
20,27
124,95
85,155
1206,1116
0,362
106,152
91,4
448,551
160,688
711,1058
2894,5744
127,382
2403,2717
922,1206
230,164
99,33
0,1
168,180
226,366
364,184
10398,30508
318,286
1983,2239
24,2
635,521
178,64
232,301
17,14
189,293
154,326
91,32
8547,8661
13,17
6,98
251,259
713,749
56,3
101,117
510,704
944,303
271,25
235,85
271,284
17,5
181,8
244,3717
477,438
225,58
232,59
1,52
1261,747
392,411
2435,1441
57,6
18,43
1251,1345
63,6
230,367
0,1
49,6
257,246
128,1007
1004,1065
215,37
67,7
1258,466
385,756
119,59
202,36
177,142
690,393
17,5
639,620
41,72
383,416
450,553
205,906
78,60
216,229
41,40
152,676
1,45
69,50
137,66
48,4
762,396
107,50
213,34
1,35
225,22
534,1629
530,216
24,54
49,12
216,193
137,53
213,35
107,25
79,19
1018,355
1009,772
359,165
270,2769
121,24
119,414
381,14271
882,3691
849,13
981,2236
321,2769
56,63
28678,36405
966,224
0,1
11,15
371,452
313,11589
1968,5268
140,65
1613,181
3799,21202
1594,2283
975,727
236,2445
1807,2838
535,392
61,10
2,0
354,105
1608,295
197,59
247,173
560,1191
34,181156
3080,4153
805,298
350,505
137,38
20,256
378,444
186,83
0,5
511,1097
384,116
58,28
57,72
709,806
155,217
66,21
560,45
195,134
331,1355
169,19
10045,12666
195,102
101,91
676,423
321,95
320,105
402,76
129,122
350,278
1005,2413
211,379
263,208
306,162
155,203
2019,1685
148,413
159,328
4797,3899
63,4
362,132
1071,2222
86,131
1170,2988
1689,853
269,279
439,675
13,11
566,511
528,621
64,104
407,803
317,462
263,262
472,588
616,257
7300,27053
60,54
494,332
38,0
322,569
2950,3953
1838,3311
350,371
524,370
5,5
176,146
305,302
677,394
369,21
206,84
1864,851
153,115
1001,132
241,553
1583,1673
330,286
264,176
109,407
64,86
1000,24775
80,142
618,807
94,189
34,27
111,107
122,126
671,599
43,10
499,2364
502,277
199,135
960,247
2554,2747
2186,8898
2432,2234
103,216
1617,11927
144,7490
13119,18160
552,621
48,34
0,0
221,553
680,2024
12635,17728
376,237
22,18
8,9
261,206
64,26
228,149
95,272
1095,804
45,91
235,150
886,930
89,32
76,18
397,44
1914,146
104,691
112,51
43,7
393,668
732,1343
156,178
113,58
0,0
87,413412
136,126
510,3361
552,623
60,24
1994,3052
80,142
0,0
1487,4628
608,711
7694,8607
53,1
1449,11950
46,201
50,37
109,48
163,359
106,654
702,264
74,93
0,0
2084,85
1957,748
1070,1688
1995,34
378,168
87,143
81,241
653,718
2080,2123
90,61
44,22
154,73
317,34257
105,4
347,773
199,359
572,644
409,432
555,1677
88,57
410,2083
95,83
1,50
1826,512
1013,1272
967,635
985,239
223,468
247,1253
385,496
317,195
91,16
228,392
345,194
178,161
3742,4122
482,543
100,63
254,187
617,602
2006,705
270,29
8176,8431
143,3017
7,10
499,156
6,7
134,58
823,3711
67,25
181,1311
1,1
84406,84708
40,3
2300,684
1823,187
159,91
759,409
287,39
11,6
549,421
1475,1397
56,40
3919,3014
45,2
299,231
1022,46
349,449
138,86
1065,1175
352,462
50,41
98,49
2584,2729
367,517
495,1072
222,196
112,210
1216,70557
1887,936
4,89
262,284
327,102
251,443
55,1
276,124
55,1
4534,4819
874,7656
96,22
436,490
111,191
5,1
216,1015
140,101
160,521
203659,205280
1946,1657
99,153
1573,1289
363,197
135,119
28,17
38,37
887,1634
1689,1751
462,644
91,357
920,355
194,237
263,283
471,278
156,138
978,764
101,88
165,49
756,888
198,210
11,1
235,388
877,865
2154,2698
699,294
1994,1658
392,385
216,390
146,25813
811,1312
426,594
848,1094
109,92
18,11
370,66
68,62
63,49
98,166
126,217
94,109
76,81
17616,17971
684,2519
127,233
82,99
1864,1370
748,2320
78,335
253,183
51,12
191,392
13863,18046
165,134
13779,15458
1159,1589
133,276
37,30
79,64
1,3
1321,1995
274,204
1,38
136,94
464,902
293,296
467,341
456,1566
1044,1053
180,307
211,291
156,34
85,97
69,40
158,522
128,176
515,764
43,37
48,5
277,328
311,464
91,33
78,15
999,2431
349,59
3553,5324
162,3398
41,46
1405,48964
173,161
92,750
40,5
118,36
416,400
11230,10209
42,4
14838,106048
63,6
589,334
230,445
175,12
75,185
288,38295
16,15
241,327
32,27
40,1
0,15
189,1398
101,195
589,645
196,117
245,312
340,485
10829,12835
190,148
90,184
369,152
443,143
2754,2562
0,0
2012,430
146,45
392,192
0,60
1718,224
189,172
209,41
1,545
1487,1249
598,238
47,1417
479,435
420,172
152,114
313,362
2007,800
883,1211
22,48
40,1
57,149
410,195
127,103
149,195
97,478
145,200
2145,612
87,32
6,1
883,1211
20,23
229,252
294,249
263,261
238,171
1238,973
209,97
259,580
774,775
33,18
569,645
329,653
443,431
92,124
452,341
211,282
479,382
297,270
1710,1957
637,657
82,3225
157,172
594,196
11855,20341
91,63
769,916
131,57
20,33
175,340
2033,991
895,1160
129,268
191,623
520,514
2584,2729
296,529
55,11
450,153
569,3276
26,102
101,112
132,853
452,190
2014,2186
191,443
15,202
120,64
124,28
117,316
101,187
751,780
164,164
15,39
603,125
664,1338
733,530
391,654
460,896
911,1281
700,582
796,931
55,244
14548,16509
234,292
740,867
270,274
254,384
388,228
84,116
329,210
76,120
626,128
1029,246
35,43
1620,1561
5386,9870
210,43
169,255
108,76
239,117
49,14
6083,6001
134,103
18,281
6,1
995,2418
4276,3822
1124,2508
3230,3912
40,3
325,448
5711,1468742
808,888
9,6
249,1067
69,83
10,20
203,739
10,0
98,58
188,290
196,83
2008,2048
182,108
183,178
4951,66257
24,18
442,224
264,242
108,59
1071,1153
476,326
154,71
50,86
94,15
109,158
208,220
198,2366
157,170
199,285
966,1123
2010,1460
30,13
154,1980
597,1795
2645,3468
48,45
152,301
378,1085
637,4153
380,403
295,202
237,705
311,1054
6771,8088
53,1101
59,59
0,108
500,446
1293,953
65,29
181,132
186,242
1829,1400
510,514
2078,26569
437,560
4,201
1659,224
386,415
2150,2608
1,15
212,225
587,503
678,879
215,228
1,112
694,266
10,15
998,2097
3,4
51,17
16,17
0,1071
84,94
591,600
573,993
239,239
31,36
73,2929
497,486
117,46
3290,3819
62,40
3172,2846
240,241
292,373
233,271
90,45
7,6
171,131
299,242
19,27
208,227
452,2528
77,43
16250,19084
1191,315
381,194
0,3
277,310
164,251
1130,552
155,37
262,721
519,1315
17490,17550
148,691
39,30
4346,3173
58,48
355,144
375,59173
2572,587
888,877
3637,4077
463,595
475,139
15,44
59,76
126554,151949
142,191
233,952
2122,2013
126554,151949
509,534
739,368
875,993
276,333
1372,1903
1384,112
317,495
2289,2416
236,608
1197,926
697,634
29478,35228
324,70
491,172
481,424
313,557
0,1
93467,91418
2207,768
330,462
573,295
112,123
1140,286
1291,584
99,98
2037,2503
376,169
575,740
37,64
15075,15083
81,137
5001,3692
505,4670
917,1569
6678,7518
351,82
2,8
197,59
1664,1199
192,381
319,798
1059,1191
416,657
753,460
350,1014
158,8381
860,2145
18,72
1746,1796
42,152
1419,2621
394,731
2242,2817
1394,412
24269,28096
1427,861
311,422
80,62
268,8762
44,5
90,96
320,227
1024,398
65,96
277,94
779,765
268,167
2647,18965
1494,579
2030,1999
235,341
93,96
5,13
161,54
107,425
0,41
38,12
3733,3383
250,356
100,481
2964,3093
144,99
1464,682
106,452
36,51
79,90
161,406
349,95
590,1232
95,740
134,1197
53,48
446,965
340,293
293,286
1795,686
328,300
500,251
963,1637
909,1238
150,70
264,195
212,163
169,26
64,35
2029,1325
13073,12597
18,143
1633,22291
189,195
11,490
52,32
597,1855
279,322
2,15760
758,899
131,21546
287,247
264,5182
101,173
209,233
3,0
223,296
154063,151949
112,12492
37,143
113,271
28,38
542,384
303,397
175,154
480,459
508,462
34385,55619
240,348
20,27
1886,120
1687,2740
232,695
32,3
403,348
255,235
329,306
613,667
197,304
120,13
1086,1235
762,850
535,609
2450,2414
382,490
215,96
2947,5288
216,217
422,420
255,1048
5188,16682
36,58
13,38
119,50
656,4053
6,4
36,58
47,5
1257,4216
86,1045
2584,2729
419,2256
1062,259
3,78
112,56
707,701
227,50
6936,6330
69,80
56,3
216,231
107,10
905,842
126,189
192,353
278,364
1543,1397
8822,24230
386,383
9,515
1009,772
24944,34562
146,141
582,732
29,124
280,284
98,117
34,109
237,326
588,251
228,193
211,270
174,224
841,719
1449,1635
154,53
47,54
360,104
868,790
163,159
26,85
124,295
736,339
340,250
150,103
184,315
198,62
81,73
250,1061
42,8
5,8
1126,1809
202,199
115,308
464,545
1453,603
494,294
3606,3163
37,25
1599,2878
4218,4198
3699,3699
192,134
635,539
1956,1339
161,505
446,148
650,1331
246,178
37,45
185,501
2165,780
270,333
999,148
1992,1669
318,257
116,157
1226,897
259,340
2519,4129
155,80
18824,18051
260,246
525,78
1037,665
364,1346
286,85
747,574
222,53
532,613
239,14
2886,4817
1,6
274,332
2100,163
22,1
299,1099
191,365
330,397
3,3
151,138
167,102
296,245
747,439
540,613
509,4395
64,56
114,76
901,1012
1207,247
350,61
997,1258
0,2769
38,39
936,509
221,285
392,400
749,574
7,1
113,1225
156,454
87,74
387,861
3874,3521
152,307
214,391
140105,147027
318,643
983,1577
206,2272
3497,3924
515,538
67,59
262,330
121,134
15,13
186,68
851,373
113,210
182,200
2598,2973
3182,4626
340,395
4584,5773
5059,31675
415,680
58,28
1044,1594
641,358
49,11
80,35
443,409
615,148
595,529
2520,2403
232,414
736,470
22,38
115,148
975,1823
96,9
154,116
332,337
1221,1109
240,5525
734,201
355,306
2987,5133
514,242
32,45
846,432
31,218
275,323
135,92
109,1015
182,1096
1604,1441
182,185
6974,7141
391,36
0,2773
365,332
434,267
1174,1065
23,14
203,189
1913,126
6064,6042
112,113
3,4
115,62
233,396
160,153
710,581
447,472
373,957
269,387
379,327
1998,1952
268,710
100,61
104,65
220,218
642,562
109,188
93,145
501,138
93,50
532,875
360,254
1750,1534
601,1842
28,1338
1575,2148
16389,16559
624,161
32,617
117115,175293
223,567
388,396
1872,2228
61,0
41,2
141,460
142,221
126,157
37,3
504,605
40,2
88,29
160,195
443,392
1844,141
426,628
1732,2097
296,295
540,487
2295,1187
266,282
99,90
354,110
317,71
216,762
257,644
143,85
213,54
0,0
1226,2071
940,108707
1951,2052
44,6
245,304
336,1208
573,482
130,11232
669,311
1903,266
118,766
692,783
544,193
290,251
758,723
522,258
11612,38167
98,1816
891,354
459,2952
457,57
566,4203
621,421
983,573130
44,22
76,172
2980,2575
291,220
562,913
30,1441
93,56
401,319
381,516
107,93
225,47
105,28260
298,184
125,2329
2694,1202
293,580
2499,10551
396,229
508,551
871,811
41,59
253,328
166,3973
0,6
206,146
193,180
286,540
300,227
221,167
728,986
9068,8314
17,28
258,219
739,12
363,1054
691,1103
3364,958
966,1262
0,1
176,394
1090,603
387,220
1446,1696
2439,2791
6974,7141
1750,1534
1457,419
400,545
3,13
161,195
329,65
42,214
234,215
216,589
227,110
0,0
139,90
729,687
41,24
319,444
398,959
36,33
3726,4390
300,347
276,161
513,666
859,874
113,109
228,138
685,476
1266,2828
106,27084
99,411
112,110
1043,695
69,60
1854,271
204,220
109,446
213,223
1786,7856
303,851
45,15
4,89
86,81
24,8
418,207
1306,58
665,886
4416,792
52,51
0,3
41,24
0,0
19,21
349,488
167,268
51,0
494,155
100,98
986,1609
787,118
90,21
15039,18774
28,36
212,212
665,802
284,678
1081,598
0,14
58,3
33,33
984,1123
426,357
666,2982
861,2289
168,443
1995,1349
2017,999
29,221
46,10
173,2235
365,307
3414,4773
89,467
78,58
173,209
282,191
398,434
443,562
108,46
8345,10570
4740,31117
23239,22629
281,69
39,26
399,262
59,51
2487,3004
200,127
63,56
208,145
184,149
386,356
809,1149
0,3
86,2383
10831,127298
2019,293
27,18
339,252
1006,1228
604,186
570,1028
412,153
445,107
299,172
177,114
355,710
169,242
8855,20657
38,15
2783,2881
191,226
20,2842
242,4374
165,319
82,17
28,3
289,311
924,506
98,231
1456,1933
866,400
256,102
1836,885
300,7701
7478,10542
263,1392
191,202
369,1145
7,2
398,288
530,3955
683,730
50,28
498,842
192,211
229628,208943
489,474
1920,2301
717,524
23,3
138,18
5888,17565
712,788
454,461
686,580
465,501
411,1473
120,21
45,55
167,228
2760,4012
244,329
73,87
44,203
442,431
10,15
1949,437
223,186
1094,1250
1919,2721
144,112
855,134
607,409
310,152
1905,323
387,45464
3060,3231
260,260
207,277
207,214
817,418
130,204
226,219
169,68
409,401
510,588
516,382
257,139
261,271
1982,1104
528,580
1971,1626
2004,196
906,2190
38,48
1583,1067
100,63
270,646
867,687
152,21
520,663
178,529
25,25
40,5
37,19
548,308
51,1
163,650
749,1571
344,70
0,1076
138,286
909,619
2105,3223
724,314
292,290
48,3205
1936,1043
37,30
14,16
1304,563
285,290
131,53
817,490
148,13
628,403
8,4098
428,541
4320,4813
108,88
367,84
793,564
21,60
718,844
330,191
752,860
1099,1581
972,357
190,6896
169,163
2593,2697
8,939
380,1524
7,128
115,91
10,6
40,272
136,251
116,58
74,140
0,3
1700,1679
1633,1445
297,351
80,77
331,638
10034,15194
506,1023
748,1426
74,108
160,272
83,105
2384,2502
753,526
483,661
165,265
143,678
208,86
967,858
479,705
313,394
1103,5399
2767,360
7,7
308,402
5717,44370
132,157
215,243
209,317
2,2
158,3530
253,93453
333,588
57,26
1409,1604
838,524
1606,1630
51,72
1981,257
350,430
430,1123
253,289
61,81
92,31
1980,903
163,312
216,216
1098,1181
93,87
182,188
304,466
223,8879
147,107
125,139
5215,4936
7,3
4955,4402
940,194
56,4
241,181
120,21
5477,9122
598,58
404,3844
500,62
1339,2793
361,599
1202,1324
444,1026
320,476
2062,679
108,100
66,39
87,101
296,1519
0,8179
1943,766
544,29
455,417
46,4
444,1282
1782,643
185,186
117,77
859,649
0,24
95,23
621,792
76,10
64,86
75,920
238,272
723,6318
1010,2508
98,127
158,181
419,357
1417,671
897,1251
704,2303
141,260
197,176
947,427
0,1
328,421
99,20
7478,10542
231,458
24,23
79,35
710,385
97,74
40,3
572,583
25,21
709,786
2033,1771
86,141
1691,1950
545,182
42,21
7,6395
614,505
399,49
86,54
309,443
671,647
151,835
140,44
173,86
210,222
1961,2050
2164,2356
611,793
1980,1097
200,99
172,403
448,575
245,641
113,116
35,70
153,74
643,3284
190,706
54,1883
199,622
0,64
864,519
535,155
1806,1293
459,297
2210,1997
918,948
2835,2659
42,39
529,1007
315,729
293,522
39,10
522,678
176,125
198,141
92,83
100,97
156,10
688,755
496,3716
117,128
377,732
499,3501
1845,1542
38,340
2282,2276
1553,14520
380,379
19551,93723
246,182
522,588
590,407
404,371
386,412
6777,6249
83,175
259,63
404,81
73,139
144,1520
240,94
42,389
142,77
170,97
49,43
728,11192
215,495
39,55
127,171
79,82
129,113
513,504
2114,2258
930,64699
1121,1498
838,1326
1742,236
12,231
24,26
98,25020
885,1428
82,77
59,12
1,249
7,0
114,166
2222,4433
1313,1386
239,120
238,451
1194,1001
190,336
215,142
583,961
289,310
34,11
1854,1640
396,122
19092,34740
130,32
28,13
1294,364
156,454
248,634
75,25283
204,195
396,431
13102,20758
123,41
57,24
23,21
170,204
300,256
475,585
9,18
350,237
683,1064
1543,1699
60,1310
189,147
428,195
1952,995
771,461
36,148
290,331
72,7
2214,1144
103,42
18,6
744,530
1810,2081
434,394
1837,1534
71,78
52,404
157,149
91,263
379,396
283,379
63,59
176,171
107,111
336,325
331,116
1954,1320
574,88
225,7263
8,0
1979,912
3172,3640
71,28
543,1202
384,433
199,19
129,157
153,52
147,111
523,424
138,188
726,745
805,4476
7,4
22,7
62,9
170,688
2143,1435
111,52
309,357
58,17
101,1143
57,18
1667,1132
1470,3819
650,616
153,159
573,306
25,49
141,143
135,131
463,275
148,305
422,161
287,232
177,213
154,4349
2034,246
790,1509
948,2387
257,369
178,362
546,265
218,270
735,377
148,302
197,238
107,216
155,310
644,4301
101,455
147,218
338,545
384,419
19,19
4544,13170
1244,12458
1675,1456
4189,11118
454,497
133,902
544,253
57,71
121,210
246,112
2145,1317
71,60
607,603
1816,364
1112,1167
164,112
1136,993
536,538
59,44
234,746
76,214
1047,379
850,255
3510,12221
277,289
205,1465
379,1283
85,475
187,195
220,14
510,928
0,225
225,434
285,345
44,0
297,158
58,38
317,195
77,168
133,70
158,514
230,441
0,0
400,789
7167,7181
866,204
3233,10572
428,420
46,28
42,2
13,54082
165,4716
1234,2032
191,61
615,241
1089,174
299,233
8,9
51,37
740,370
387,346
618,793
127,86
2008,469
320,23619
17,6
119,127
39,38
154,265
774,98
1004,68282
374,376
620,470
521,496
9254,15898
61,128
225,560
346,360
106,37
265,361
68,125
445,553
152,52
4,1
865,3376
54,54
1636,1261
799,456
268,212
878,832
430,657
125,410
316,1437
369,752
153,76
44,43
1150,273
72,70
584,726
40,182
311,426
155,157
399,585
339,538
518,840
475,3027
1525,1514
246,101
128,80
299,498
117,63
32,292
383,389
784,1177
83,4
145,145
78,216
550,569
32,28
19,0
106,148
596,634
55,139
418,479
396,430
358,448
98,11
5,8
0,0
2065,2040
120,150
488,327
117,74
887,710
100,6229
497,594
465,484
42,23
1867,1564
429,617
216,441
327,430
83,105
133,63
128,366
784,1177
731,597
675,329
130,3921
113,58
582,582
10469,9538
164,20603
953,1140
2447,4170
130,416
117,74
3039,3368
808,171
125,562
83,24
161,112
2283,3088
282,120
34,34
242,187
40,40
99,148
298,138
216,357
116,1193
583,1040
627,242
150,51
109,17
94,55
98,187
62,55
643,890
170,88
749,122
385,46
0,17
43,33
141,21
439,904
236,249
93,128
741,596
1096,1222
1768,589
156,208
78,442
142,229
155,17
1839,373
145,15
210,177
145,90
5410,7510
854,3519
8083,11907
337,321
182,58
776,441
613,760
927,767
2180,2859
143,271
481,730
347,74
8,11
18815,23606
810,727
2139,2706
72,7
1032,5658
25,8
282,769
663,898
2780,3075
14585,15338
840,1168
5718,5271
657,2068
445,6887
883,428
95,269
115,68
304,443
156,206
467,608
599,314
3301,3358
1053,900
175,167
758,908
1984,945
1558,245
106,159
130,116
194,3
277,266
414,648
88,90
222,157
73,84
3645,2951
2017,1322
242,149
1966,1703
179,107
42,20
950,21432
1204,240
152,51
631,712
234,232
517,600
97,64
50,118
670,661
84,127
305,85
35,8
589,762
4686,5022
589,762
3328,1488
210,331
351,529
131,145
338,1367
379,894
589,762
77,108
1046,848
490,272
811,397
13659,15295
87,87
393,509
355,440
287,836
73,6
948,1141
222,94
299,224
120,204
959,59
331,115
268,312
1945,6069
663,361
14,5
1565,1312
95,53
14,16
140,167
803,628
128,39
142,753
0,10
85,53
667,1425
866,2225
180,109
14392,37957
204,382
56,127
428,269
0,1
0,2
166,714
351,408
5,1
17,1
353,450
11,10
67,59
183,311
336,95
2,133
896,762
111,96
15,126
72,80
383,155
134,442
301,20
54264,53264
396,1577
1621,1613
90,173
2742,2553
1121,1083
42,31
242,79
519,566
1046,1024
1945,1935
541,163
68,22
784,2136
134,107
1,3
59,83
1071,546
384,391
572,246
841,1105
128,487
110,404
386,368
85,79
218,341
431,481
150,27
960,1164
50,168
18,1
634,1172
129,260
143,34
99,59
285,359
19,70
0,1
350,413
35,163
76,1257
0,40
1349,1203
29,22
136,88
3183,3126
216,218
1573,1289
198,680
65,60
100,324
1,0
2017,1734
654,644
579,596
52,1
27,94817
55,2
583,77
328,255
961,741
166,246
146,106
216,386
2619,2110
386,171
3136,3858
636,1034
790,814
61,17
33,47
1845,79
427,568
435,503
439,633
180,143
1359,52
110,14
1481,1010
35,62
318,475
199,393
60,43
642,690
151,103
102,22
2065,1907
1208,1185
20,15
2762,3197
684,1692
335,182
2088,2246
31122,32103
355,131
30,28
2780,6204
404,624
146,159
101,97
1203,1460
376,870
2879,2383
455,476
120,204
65,67
359,76
84,59
444,1874
210,912
1046,712
232,605
6,1
52,64
302,391
1146,896
278,653
393,787
159,320
120,460
20,14
239,370
19,24
931,938
259,310
94,18
161,270
180,68
1301,316
387,75
290,152
1173,1522
3,0
0,4
766,896
42,38
741,448
2681,2797
183,210
114,34
280,3249
734,4302
219,258
429,993
379,87
5516,20489
240,119
865,3376
83,11
502,134
459,552
709,589
94,15
5,173
100,189
353,437
21,0
814,238
264,194
273,154
101,43
2000,712
371,301
262,392
1327,2062
505,493
70,76
336,183
3,2
616,280
292,267
288,453
69,172
139,44
406,413
631,348
337,389
511,505
998,3941
94,31
291,303
277,266
3690,3263
3,0
227,193
1948,948
51,24
9707,9718
884,919
607,15448
242,83
245,11345
78,94
1,0
186,46
118,125
1387,546
263,88
269,1835
1201,1400
45,85
500,181
1581,730
187,115
9,4
1753,1917
92,6598
178,64
384,12010
405,292
778,897
27,26
1161,465
37,0
790,1089
270,277
131,195
0,344
964,974
303,365
202,167
222,589
107,128
113,32
20,20
2884,2878
750,30
141,632
47,28
378,480
96,45
431,143
72,19
1246,1122
4,15
103,77
2083,1103
988,998
169,173
283,259
1163,1143
146,156
2082,2173
69,132
1154,402
537,394
410,225
177,261
600,493
389,127
425,126
72,74
901,1268
82,93
6297,8041
430,781
503,1308
7,12
342,2121
1385,1566
34,41
254,856
77,11
1770,1364
123,92
787,1322
1639,877
658,698
483,150
199,257
681,254
2476,3766
32,63
523,492
232,130
780,197
709,163
158,308
136,81
68,61
0,7
2218,2232
180,534
110,3675
174,445
415,451
144,238
49,21
2917,1848
92,9
569,454
489,393
449,2025
591,592
8,1
391,242
265,113
22,65
310,322
341,1072
825,512
1355,718
352,412
88,68
203,142
557,389
1198,1116
308,137
389,3395
447,499
2067,2580
0,0
1433,906
2085,1854
81,436
864,2292
498,609
906,1296
555,1555
70,3
1267,351
437,2516
175,94
2838,4824
1644,32719
361,75
21963,21984
24280,24758
668,1201
970,310
95,36
8874,9033
441,728
161,242
141,94
168,595
138,372
461,611
609,685
426,562
4154,4689
320,449
135,137
426,562
127,33
273,45
131,1332
235,260
1292,1514
11,3
105,51
205,131
524,80
298,31
1167,50446
65,19
121,183
176,7
1470,550
256,72
878,743
137,240
1656,1585
49,66
469,146
216,148
64,2754
239,99
708,770
534,245
223,234
453,489
0,274
264,52508
1392,1249
5615,12522
580,689
280,379
1025,587
15860,18308
109,426
557,571
70,19
121,220
469,22069
1568,1631
119,41
152,3182
0,0
20,24
3907,4447
216,183
40,610
63,88
544,731
152134,138310
639,734
284,315
8204,9138
873,245
152,45
315,180
587,87
229,310
278,59
268,216
682,692
7228,17614
3,16
1909,3287
878,527
8,3
195,373
272,232
4,56
119,159
374,149
38,1149
901,1405
196,156
61,16
1647,6178
1027,228
6972,7871
0,87
2143,1274
39,9
133,123
176,68
494,557
108,530
1683,1428
226,226
1404,2451
117,6250
58,48
204,119
923,2696
279,99
966,697
490,497
470,550
1929,2196
524,240
742,1625
137,166
303,495
297,1244
238,64
2129,3768
61,17
230,505
314,247
1453,1046
84,29
49,57
288,82
191,54
234,35
17,690
184,219
366,377
35,20
490,545
1824,331
104,142
314,176
282,282
212,542
0,0
285,253
92,42
407,19
147,735
155,221
99,56
782,2216
293,434
211,166
2620,3338
811,869
0,18
185,117
882,4236
648,632
36,410
540,3539
156,59
2628,6197
8960,11453
17,4
83,66
2891,3005
127,58
549,527
150,798
14,15
372,502
344,410
706,742
66,211
40,2
1996,981
371,1467
941,879
669,2326
144,731
109,129
165,7227
159,161
626,680
96,66
30,30
446,306
254,257
195,199
250,1191
21,8
381,354
216,226
448,725
85,73
363,291
36,7
177,232
1755,1188
49,64
774,444
6,3
1475,3585
161,69
258,311
36,5
210,248
120,52
615,929
333,301
676,2902
169,177
382,538
171,156
1043,21820
17961,19799
369,276
279,456
729,724
649,632
358,265
249,137
102269,150582
1451,542
38,40
5,42
942,896
82,174
594,2266
330,404
2145,1487
571,214
1156,886
827,13897
43,30
1063,1494
1406,200
424,257
394,421
140,574
683,348
72,67
9495,9916
768,178
343,323
1991,1235
188,2946
401,208
120,145
1292,3347
17093,135778
288,490
210,95
120,139
103,323
366,429
3752,9278
1004,1295
331,96
7,0
1756,16856
222,179
2095,234
17246,17385
8150,8397
35841,36183
385,367
1565,337
63,6
691,4122
296,551
82,108
1198,240
169,175
126,131
1300,1168
1334,541
159,26
147,758
1606,730
255,25
1269,333
475,135
187,464
5575,8019
490,1318
185,4254
204,182
198,177
698,618
236,546
298,226
61,86
163,334
435,709
45,47
484,289
322,1159
68,73
145,53
205,118
47,650
50,63
841,453
36,7
2043,261
314,372
248,249
222,589
333,336
75,103
255,335
53,95
1942,1111
1542,138
446,555
525,575
393,517
102,91
1633,689
614,1212
1250,343
103,55
1988,870
554,10138
301,257
1995,806
41,1
2178,2163
193,196
39,2
406,2090
44,5
1109,1464
380,380
340,65
44,6
224,705
318,654
49,439
1279,1807
398,511
1130,11877
1981,2023
3992,6100
0,198
1209,810
89,81
241,264
1928,444
657,1269
117,123
613,899
231,184
87,155
1,2
40,20
231,512
1837,1534
7938,20296
55,34
5067,5072
913,206
234,264
11,12
1210,643
918,829
829,1472
12438,14824
282,182
237,214
66,97
20,17
201,184
121,76
23381,187603
277,423
2063,1937
63,61
363,213
384,116
169,930
878,832
279,321
326,250
786,549
117,116
1169,2258
113,3468
1128,276
83,15
84,44442
148,128
849,1028
1335,2237
1125,1235
865,543
58,28
610,1925
175,88
507,490
255,357
461,714
50,72
448,296
1114,1246
597,519
36,36
33,13
185,239
454,18224
572,422
262,1154
2090,2584
930,367
372,144
525,922
364,53
317,332
886,899
114,87
77,12
336,521
980,2494
55,56
160,207
7,201
351,335
2060,692
614,143
896,650
534,1010
161,183
445,468
353,390
542,541
1,21
11,6
117,65
208,190
183,340
164,175
401,437
341,203
373,385
287,118
42,18
78,523
426,941
879,4154
732,980
337,1067
78,523
391,2839
117,189
526,1018
5269,6040
190,203
101,409
523,641
64,53
259,74
432,132
446,193
76,363
362,286
378,262
322,1973
763,724
6302,6373
128,112
963,1125
299,193
6,1
217,254
238,905
310,493
1540,1506
183,1254
1279,2248
680,2082
516,738
882,1398
438,441
1722,3836
163,55
480,479
2843,2419
375,847
3841,3905
198,249
35652,50974
620,821
311,14
2779,3463
331,468
185,83
46,5
174,204
1199,635
12,10
938,828
1864,1999
63,63
1853,1831
1229,730
2085,1094
687,154
234,312
963,689
127,126
77,492
1622,2396
0,0
1121,1073
221,175
53,8
614,927
195,609
5651,5663
40,31
2614,2378
462,3382
232,59
221,56
100,417
19,8
114,139
46,7
961,4275
178,461
48,4
567,874
45,52
121,24
603,193
885,413
202,36
225,22
28,26
1872,2258
49,12
271,25
17,7
45,63
2783,2881
152,205
269,387
488,127
883,750
87,61
57,24
222,219
79,19
57,6
281,638
398,335
7556,19584
61,8
419,458
69,57
115,24
306,299
42,100
215,37
63,6
57,45
41,43
388,430
100,229
213,34
72,51
235,457
226,277
91,282
310,465
249,271
168,145
196,133
24,1032
46,41
605,547
29,22
90,134
283,184
213,241
260,190
589,73
228,205
5002,4489
2436,2708
204836,236490
0,0
1767,545
240,141
354,584
165,265
9,4
1062,226
194,282
594,1093
193,26
800,1608
340,417
990,621
529,839
44,8
232,568
87,84
10,10124
245,237
194,137
9,2
2586,2594
243,269
118,60
495,189
219,331
654,334
9,65
19,247
148,254
4,1
303,3670
567,1865
731,234
611,435
1,1
57,21
838,962
59,162
4779,7870
172,986
1303,483
477,1254
53545,221022
963,640
2712,5167
17862,19075
61,86
2703,4174
774,1568
0,1
56,5599
1133,1279
415,313
18,19
5601,10143
117,171
79,83
2,4
82,69
59,22
248,891
91,84
397,353
182,200
8280,7537
221,1864
25,15
0,26
2744,2977
921,334
190,224
275,146
161,267
9687,10646
1120,206
88,425
38,207
399,69
41,155
158,61
206,197
49,42
300,190
4847,5752
1043,219
2018,541
23544,32993
731,1472
836,2830
1397,308
294,706
501,1244
52,85
460,542
2245,1339
577,543
624,126
122,228
12,108
2593,3135
447,497
279,355
391,383
320,740
287,768
251,588
307,306
67,158
220,265
120,258
15,9
293,290
504,788
1825,873
18,18
480,1584
310,66
1838,609
46,201
302,234
122,140
282,154
615,758
208,186
317,91
88,71
1605,748
1449,417
229,213
333,403
2001,278
220,150
4848,5214
326,377
727,2067
833,1698
19,7
1483,1074
158,53
31,29
157,291
95,90
48,26
3132,4250
791,2618
150,225
52,28
880,618
329,248
289,715
357,310
70,60
269,286
189,448
179,1
139,317
108,153
287,652
106,275
417,752
1995,1053
431,417
16,2
516,555
86,115
548,528
201,89
42,99
3437,3349
67,65
42,43
215,271
205,551
195,303
50,27
155,297
304,193
124,57
3,1511
24770,34958
81,53
77331,69615
39,9
748,1253
43,15
20102,36368
135,63
42,12
2586,3327
2815,5357
17044,19894
30524,31546
31055,40365
592,2419
1789,538
1185,2147
68,13
28605,42959
900,935
2050,2675
120,182
40,102
869,181
301,2470
59,104
46686,56878
35706,36419
2365,1505
73,786
1512,2057
161,25
379,824
960,79
35447,47699
665,680
363,387
57,52
181,218
146,175
31,5
233,1463
199,119
92,34
182,338
46,3735
256,12362
118,120
59,66
88,1
397,399
566,560
39,4
117,256
26,14
15,180
203,561
64,183
0,2
518,362
215,255
417,370
142,167
328,209
305,1373
517,490
71,668
60,36
117,926
111,71
519,483
360,253
640,598
46,7
24,58
290,416
732,512
241,140
849,410
353,455
1865,555760
72,54
136,39
473,609
480,225
737,1395
217,231
1820,1806
428,506
181,45
2,0
862,122
1,37
0,2
403,490
542,247
682,699
38,38
3310,18357
52,22
456,300
320,108
1989,1469
493,901
227,107
278,431
168,131
3016,4163
642,631
448,480
897,289
579,568
186,32
52,13
485,1087
1950,1608
548,716
725,407
173,32
76,967
1993,1870
370,127
57,14
88,26
259,139
112,123
248,803
673,761
1883,1901
82,78
3037,6001
169,168
285,519
120,451
95,93
582,4521
97,288
497,565
1017,1879
390,423
127,180
6,10
261,44
58,1622
1701,1573
0,0
1290,1638
2265,1255
131,92
678,1109
191,139
1472,1296
177,117
459,50
303,470
157,11
264,332
127,30
308,27
416,858
58,28
120,146
1103,883
287,270
494,84
1,0
121,100
966,1019
1696,1928
451,1402
198,520
882,922
620,378
687,814
1921,1566
716,507
1082,1247
308,409
833,633
75,136
996,727
1779,2200
703,1036
138,836
415,464
148,129
25,35
99,153
131,61
216,141
93,79
81,48
495,442
137,809
209,226
6871,7006
580,689
496,548
1385,1369
77,6
353,167
166,165
8,14
233,259
216,79
298,172
361,383
323,89
561,780
679,109
4929,10961
326,141
118,32
1045,466
64,955
30,32
337,337
134,126
74,86
451,395
3546,1439
663,452
72,42
38,1872
21,9192
247,1001
665,1080
1,26
420,341
134,1142
536,285
124,134
222,75
8,8
3207,8235
479,340
0,85
790,1334
289,24
14,133
289,1268
4707,4266
1569,7207
691,479
9679,10500
395,652
493,58
101,906
622,5931
632,1779
132,104
921,223
148,169
122,415
157,51
806,1291
157,44
525,850
154,159
204,200
616,726
789,834
382,235
696,5212
557,347
803,574
337,92
137,114
229,413
3,1511
225,90
141,165
186,184
186,429
369,304
946,1033
423,376
0,0
445,2440
102,291
58,123
80,29
358,131
62324,75535
83,43
589,762
44,96
680,680
26,1
97,404
56,5599
18361,21860
89,199
367,2986
250,461
357,496
158,231
144,99
97,80
2655,3716
589,762
398,220
181,44
422,228
79,612
95,597
43,11
122,16
39,0
432,433
241,87
296,415
334,398
127,108
331,337
384,484
96,123
436,270
99,422
274,605
390,412
525,578
297,292
259,1124
30,60
297,246
463,350
834,258
674,666
257,49
1264,1171
39,4
36,12
494,425
237,214
192,343
302,306
17,4
230,244
94,46
427,599
155,390
0,0
501,347
389,378
1142,10838
3021,2793
20,25
19,17
1130,1523
1260,1308
460,235
81,73
121,120
212,103
40,41
54,51
138,190
145,206
193,123
190,208
459,753
113,110
86,36
1141,713
217,85
69,152
1124,6474
123,135
198,213
2107,2660
76,6937
125,26
190,147
12,131
391,573
61,33
274,295
83,92
1628,815
843,1047
158,182
303,107
109,57
178,11987
768,1515
451,681
2,9
1469,1172
384,689945
850,1130
249,258
2639,9223
194,81
1005,430
234,226
543,542
146,738
1520,1477
296,625
16578,17237
457,146
346,99
2034,1135
396,347
286,439
124,99
4834,5170
336,302
164,112
61,22
931,2396
991,500
836,536
2817,29036
158,125
1730,912
3,0
1170,433
110,96
1643,1713
188,3097
122,217
497,62
276,2460
312,273
5,4
1,1
342,2121
60,414
229,242
22,103
886,1141
54,12
1,0
92,182
462,220
563,500
56645,59247
36,3062
647,719
59,28
257,609
351,410
14,3
13431,13418
5002,1862
99,712
933,596
481,173
1916,1968
433,651
241,35
2497,2340
523,782
851,792
300,371
248,275
401,2860
26,76
123,192
161,177
105,95
81,19
257,422
297,389
68,139
1784,3163
1185,963
181,52
317,335
1505,1208
1,28
255,306
664,1298
350,281
148,90
257,235
301,1390
10,8
132,100
23,44
483,549
175,131
206,221
310,493
317,94
520,629
65,119
31,2
211,8619
1499,1498
116,128
133,139
16,304
293,582
51,47
2696,4750
2835,3261
545,1061
452,366
315,339
0,246
863,1108
0,1
25,35
234,581
206,250
136,448
10064,10519
802,405
796,1040
590,201
929,257
46,15
937,1886
195,12
47,18
22,400
123,126
208,181
42,1053
192,185
400,298
500,218
306,970
766,502
112,198
2,2
74,660
29,20
104,88
202,284
398,53
848,450
162,205
78,53
250,355
0,44
16,21564
46,1
723,2042
177,267
516,243
1297,1687
953,1279
925,1126
219,1112
176,133
539,495
164,70
210,353
223,171
605,675
2734,4687
410,284
500,985
742,1178
286,540
3016,3143
1910,1833
2,9
38,12
129,24
322,772
2423,1067
6,2
256,207
2170,2626
94,32
49,22
257,126
515,761
2012,430
494,282
100,18
828,1367
1252,839
189,18
1684,3119
846,2012
195,174
42,42
49,390
659,669
56,65
108,138
2379,2498
164,224
1730,1370
21,19
142,88
655,98346
471,496
330,378
519,3573
23,0
159,71
487,798
193,16
260,283
1518,890
2879,2462
77,75
326,354
280,192
83,213
490,526
426,694
41,153
132,120
3295,4030
367,871
88,87
535,550
144,152
1288,2039
1999,460
51,47
185,544
181,60
258,284
212,35
292,45
826,1700
1792,1928
353,143
3396,12264
321,524
64,210
14,8
1659,1401
237,353
226,381
106,878
285,225
491,602
209,123
97,135
145,313
169,283
613,1437
238,3043
112,1323
136,32
204,84
108,95
1065,1776
88,72
103,53
739,778
99,1221
245,429
92,5
0,14
193,224
96,196
321,345
401,998
22,43
348,268
43,91
90,109
345,316
790,569
97,68
395,479
404,715
448,926
244,145
97,454
213,241
1653,2096
575,3776
551,373
808,820
0,14
433,392
266,405
298,353
1803,7331
173,22
35,29
601,314
2461,2904
195,111
2088,1872
200,219
568,130191
12,5
1952,2607
83,20
41,590
116,116
832,4141
1,1562
82,36
744,492
74,90
396,3321
187,123
0,12
244,239
193,360
1986,403
284,328
13408,5749
15,39
247,1492
1847,1338
118,1822
46,10
54,6
316,699
16,217
230,118
2539,5418
99,170
273,227
379,335
94,3
218,144
424,459
442,238
342,698
116,881
188,122
6,0
73521,89069
1844,441
556,682
414,1023
660,752
0,0
210,136
1621,1897
134,39
62,8
118,121
356,607
247,101
0,0
67,54
932,544
0,14
250,226
332,171
2922,4907
210,19
183,119
48,31
34,3
1279,829
390,258
1701,1648
296,558
10,10
972,2929
47,110
111093,101863
103,65
1,0
316,811
193,554
1759,1957
364,429
410,343
841,516
162,155
510,518
312,315
238,631
8,13
55,106
123,13015
2005,1563
201,1
191,126
464,348
793,1964
526,670
180,122
321,400
2483,2805
594,421
821,1147
284,269
1021,224
130,90
119,1467
559,573
549,7528
138,53
46,28
13,7
126,54
64,54
1945,1007
363,375
281,402
216,188
464,908
202,239
299,103
1579,90
677,678
115,114
7,69
248,277
98,74
121,80
102,79
236,265
2330,1664
370,443
488,495
210,232
82,87
1885,1754
992,797
336,300
61,78
690,446
5,0
1155,335
370,3736
5404,12597
670,1191
2661,2497
292,701
197,6983
699,643
26,83
207,56
296,64
109,10
1128,557
121,10860
31,6
221,256
384,1197
299,120
306,349
115,61
196,197
12,23
4477,11480
128,53
100,67
59,79
18540,22319
159,66
480,525
384,755
9,0
600,679
554,7819
1157,1324
765,731
360,163
291,499
0,0
4,0
184,253
22,56
2,1
3,0
468,484
604,1130
1863,1216
241,484
675,94
1925,1453
728,11192
112,71
3187,12239
225,2
511,263
302,1217
1994,219
256,180
148,145
597,862
516,218
2,226
3474,3192
325,352
84,69
446,310
1907,1001
121,358
264,678
0,0
167,347
4371,588
283,364
363,275
609,3189
85,891
102,164
9,8
2327,2868
43,38
759,1971
1058,30951
1,0
1,0
449,584
122,267
107,55
746,202
204,138
199,347
364,421
1677,3651
2,0
434,211
45,540
1326,1473
700,170
124,244
73,75
179,90
570,383
3754,3755
286,26638
162,708
125,138
408,467
119,32
1,0
8,97
769,725
557,644
4265,6005
3943,4146
196,15278
207,292
174,393
979,493
689,702
1045,1055
437,440
301,564
121,102
280,253
1,1
611,293
878,839
392,411
203,113
65,51
706,676
137,230
1957,1463
282,376
5018,7527
161,175
607,1251
296,1182
341,535
262,270
516,28401
866,880
3234,3069
410,343
205772,255220
121,28
27717,27284
14640,13800
1532,509
6692,8366
394,752
1356,2007
16,5
2367,2112
0,1
1695,2088
0,0
457,1521
56,25
1455,1434
290,461
544,627
519,635
1805,425
225,474
2,0
63,67
4984,1760
40,35
382,450
167,131
992,1744
463,195
186,101
187,914
36,23
170,178
261,246
8925,9298
38,2
14395,16866
994,556
39,3
710,2742
6436,5888
220,427
306,596
286,342
540,487
10804,10425
348,227
169,862
222,267
111,170
326,171
20023,18812
208,175
1431,1844
0,0
11812,10917
121,161
597,208
5117,4732
506,572
56,19
213,316
9476,11156
183,193
3,237
245,188
2910,2984
123,79
3368,958
668,399
80,91
219,236
102,141
342,527
147,159
19576,19185
96,268
1994,1755
193,199
348,876
715,2117
116,34
210,503
39,22
1499,1498
2100,3860
2952,4304
845,102
4542,5482
94,42
493902,490832
459,562
219,985
521,561
717,698
182,187
357,353
0,0
26,300
16,15
5144,4606
222,118
13008,48960
1038,494
1970,1081
379,461
521,595
898,1373
344,429
81,58
7233,8755
318,285
202,990
254,89
579,2448
2979,2797
0,63
330,52
362,78
343,70
3,0
849,543
222,220
506,746
20,281
54,66
1728,603
160,666
2231,1521
888,479
3,91
920,375
431,351
544,33
348,766
53,257
1,83
259,549
1980,757
101,131
262,323
272,284
541,2011
12586,16321
507,70
325,437
2013,2108
543,994
145,85
1096,912
368,425
560,560
466,470
126,149
86,107
420,426
947,549
468,1511
297,198
335,245
271,59
233,116
490,226
320,359
363,484
280,103
1563,748
551,627
417,1386
550,240
819,938
113,183
183,138
361,1106
229,642
5728,7189
1174,1086
68,107
3526,6114
300,326
662,750
130,57
1978,1210
39823,156588
2,1
211,191
878,380
18,257
2125,2639
280,201
277,387
95,37
612,701
372,297
625,682
82,35
188,81
28,10
2263,701
119,28
51,43
313,194
40,65
1370,1902
20,281
3,8
2,0
1463,2207
55,74
108,103
615,83866
178,983
110,41
9,50
14,40
59,21
744,845
1013,676
44,13962
433,593
2298,8359
495,1003
1358,3919
835,1166
165,392
672,676
133,1528
1774,2242
206,20
255,3798
1641,4794
15,3
306,1591
112,137
2686,6673
6889,8152
710,282
233,116
477,627
125,102
71,288
228,520
358,310
1241,3544
307,449
124,261
78,118
397,266
45,61
21,2
478,248
180,144
16,2
15355,14448
0,192
121,50
1090,1681
4682,4833
23,24
16,4
12,6
265,366
246,1265
194,615
729,281
125,216
939,1028
158,62
34,34
59613,455601
208,78
250,95
174,156
3263,5365
111,108
296,763
242,251
905,1553
2393,2432
60,368
2,6
35,23
2036,1496
99,201
652,798
1471,1627
179,70
110,32
1293,719
337,82
184,3843
1294,1351
3704,9376
1836,727
215,153
80,49
151,145
3596,3784
323,5700
111,91
369,155
115,146
618,743
787,806
24,46
772,1208
698,620
2484,2293
437,454
2441,2458
176,527
248,172
6886,6871
363,269
919,607
7573,9177
186,80
88,60
294,40100
218,51
562,305
90,507
943,817
1393,683
288,221
615,1007
400,44388
149,141
148,33
26617,36051
1147,182
2,110862
49,16
561,1109
73,9
3138,3563
40,5
117,298
3,74
37,97
40,2
148,208
343,233
53,68
14525,22881
10859,14896
122,168
238,468
758,1252
15,24
26,1850
0,3
131,114
216,362
708,4458
5,32
27,2737
454,681
12289,12104
237,245
5454,5576
1297,928
9,9
0,2
485,256
461,340
164,24
1094,639
35999,33858
394,757
238,222
38,9
247,237
0,120
198,491
427,277
253,236
191,22
452,346
686,1330
643,546
1,1427
2,1
4,0
384,520
156,141
17288,18599
1144,1048
835,320
450,1989
689,844
208,177
309,898
29,40
4324,8460
246,215
54,49
207,14
72,17
418,545
3572,3549
1027,73
76014,89264
10,11
338,26
152,77
406,717
42775,50761
7232,8580
1038,1421
295,603
52,51
75517,73102
623,797
147,401
656,4053
284,421
60,120
852,1132
126,113
18,26
666,756
11,5
921,4524
67,11
203,104
142,4807
287,172
287,172
70,30
1063,1123
139,32
385,640
175,157
193,1042
195,266
366,1071
329,243
73,57
5306,11691
983,3461
252,219
16,2
2002,202
117,61
383,169
820,920
110,66
53,17
73,60
105215,138146
73,60
1100,474
6344,6523
240,433
471,185
160,233
712,418
119,269
191,1204
881,299
353,1106
40,16
742,839
12,145
1633,190
970,528
59,4
274,53
72,65
